1616328425.1608837;-2.5347528144885043
1616328425.2560174;-1.9400391581008392
1616328425.3519025;1.4982868330885881
1616328425.4465895;1.2009300048947555
1616328425.5416234;-0.7219774840920287
1616328425.6368241;-1.8144884973078876
1616328425.7320244;-1.213166911404804
1616328425.827247;1.1370533529123765
1616328425.9224548;1.5247185511502621
1616328426.017667;-0.09422418012727095
1616328426.1128733;1.0467449828683237
1616328426.208102;-1.8629466470876235
1616328426.3033137;0.918991678903566
1616328426.3985271;4.46304454233969
1616328426.4937246;4.05996084189916
1616328426.5889509;3.4278022515907907
1616328426.6841638;3.9938815467449755
1616328426.7793734;4.907978463044535
1616328426.8745868;5.934410181106209
1616328426.9697924;6.504894762604007
1616328427.0650065;7.96304454233969
1616328427.1602206;6.518110621634843
1616328427.2554474;4.570974057758192
1616328427.350661;4.214145863925593
1616328427.4459183;5.515907978463037
1616328427.5411043;6.183308859520306
1616328427.636341;5.579784630445416
1616328427.7315392;4.949828683308852
1616328427.8268142;3.205335291238368
1616328427.9219894;3.15247185511502
1616328428.0178757;4.7053352912383675
1616328428.1143806;5.394762604013698
1616328428.209598;3.604013705335284
1616328428.3047812;1.509300048947619
1616328428.399978;2.3220753793440947
1616328428.4951704;3.258198727361716
1616328428.590353;6.141458639255989
1616328428.6855514;7.258198727361716
1616328428.780788;6.126040137053346
1616328428.8759546;5.500489476260395
1616328428.9711156;4.553352912383742
1616328429.0663385;4.16348507097405
1616328429.1615093;3.20974057758198
1616328429.2567441;4.170093000489469
1616328429.351911;5.000489476260395
1616328429.4471474;2.3176700930004825
1616328429.5423067;-2.334312285854143
1616328429.6375651;3.5335291238374866
1616328429.7328305;-7.8629466470876235
1616328429.8279636;-19.085413607440046
1616328429.9231076;6.496084189916782
1616328430.0183125;-16.195545766030353
1616328430.113473;-3.7329906999510594
1616328430.2086654;7.676700930004888
1616328430.3039706;12.857317670092993
1616328430.3990872;10.912383749388148
1616328430.4942672;-0.792462065589826
1616328430.5894768;-9.585413607440046
1616328430.684688;1.326480665687707
1616328430.779913;9.196524718551142
1616328430.875143;7.619432207537927
1616328430.9703507;13.30225159079784
1616328431.0655875;16.496084189916782
1616328431.1608012;25.282427802251583
1616328431.256068;25.822075379344096
1616328431.351253;24.740577581987267
1616328431.4464958;24.43881546744982
1616328431.5416799;26.08859520313264
1616328431.6369345;30.87493881546744
1616328431.73211;33.086392559960835
1616328431.827339;32.66128242780224
1616328431.922525;32.264806656877134
1616328432.0177639;32.769211943220746
1616328432.112952;32.76260401370533
1616328432.2081466;32.58418991678903
1616328432.3033667;32.05115026921194
1616328432.3985887;32.597405775819865
1616328432.4937923;32.80004894762603
1616328432.5890143;32.87714145863925
1616328432.6842246;33.44322075379343
1616328432.779438;33.24498286833088
1616328432.8746705;33.11722956436612
1616328432.9698918;32.60181106216348
1616328433.065113;33.04013705335291
1616328433.1603193;32.22075379344101
1616328433.2555265;32.286833088595195
1616328433.3507257;31.90577581987273
1616328433.4459763;31.861722956436605
1616328433.541149;31.963044542339688
1616328433.6353176;30.535731767009292
1616328433.7315607;29.264806656877134
1616328433.826845;29.297846304454225
1616328433.921981;38.396965247185506
1616328434.017234;40.09520313264806
1616328434.1123984;39.27361722956436
1616328434.207638;38.659079784630435
1616328434.3028173;36.12824278022515
1616328434.3980541;35.39916789035731
1616328434.4932537;35.08418991678903
1616328434.5884805;28.901370533529118
1616328434.683719;30.454233969652464
1616328434.7789304;31.72295643661282
1616328434.8741405;32.47185511502691
1616328434.9693508;32.39035731767009
1616328435.064556;31.55555555555555
1616328435.1597748;32.02912383749388
1616328435.2549694;34.976260401370524
1616328435.350255;33.42119432207537
1616328435.4453812;29.81987273617229
1616328435.5405676;29.88815467449828
1616328435.6358712;28.718551150269207
1616328435.730982;28.608418991678896
1616328435.8262215;28.610621634850702
1616328435.921525;29.026921194322068
1616328436.0166593;29.20313264806656
1616328436.1118214;28.57758198727361
1616328436.207071;28.357317670092993
1616328436.302245;28.70313264806656
1616328436.3974974;29.645863925599603
1616328436.4926867;29.93441018110621
1616328436.5878997;30.551150269211934
1616328436.6831145;30.846304454233962
1616328436.778309;29.289035731767
1616328436.873524;29.00930004894762
1616328436.9687467;30.218551150269207
1616328437.0639632;31.207537934410173
1616328437.1591601;29.392559960841893
1616328437.2543814;29.16348507097405
1616328437.3495815;29.529123837493874
1616328437.4447947;28.46965247185511
1616328437.5400245;27.31326480665687
1616328437.6352355;26.64806656877141
1616328437.7304568;27.44542339696524
1616328437.8256915;28.086392559960835
1616328437.92092;28.183308859520306
1616328438.0161552;27.797846304454225
1616328438.111356;27.253793441018104
1616328438.2065892;26.912383749388148
1616328438.3017793;26.28463044542339
1616328438.3970187;27.119432207537926
1616328438.4922001;27.579784630445417
1616328438.5874383;27.335291238374932
1616328438.682617;27.156877141458633
1616328438.7778416;27.817670093000483
1616328438.8730378;26.74938815467449
1616328438.9682536;26.707537934410173
1616328439.0634751;26.868330885952023
1616328439.1586938;26.540137053352904
1616328439.2528667;25.564366128242774
1616328439.349121;27.306656877141453
1616328439.444309;27.57758198727361
1616328439.5395293;26.87053352912383
1616328439.6347275;26.33088595203132
1616328439.7299793;27.590797846304447
1616328439.8251789;29.985070974057752
1616328439.920393;29.94982868330885
1616328440.0156012;28.377141458639247
1616328440.1108103;27.306656877141453
1616328440.2060428;27.14806656877141
1616328440.301226;26.95643661282427
1616328440.3964758;26.705335291238367
1616328440.491637;26.487273617229558
1616328440.5868704;26.150269211943215
1616328440.6820593;25.918991678903566
1616328440.7772942;26.418991678903566
1616328440.8724873;26.912383749388148
1616328440.9678109;27.518110621634843
1616328441.0629191;28.14806656877141
1616328441.1581137;27.557758198727356
1616328441.2533057;25.758198727361716
1616328441.3485177;25.220753793441013
1616328441.4437673;24.672295643661275
1616328441.5390503;25.346304454233962
1616328441.6341717;24.90577581987273
1616328441.729373;23.60621634850709
1616328441.824577;24.77802251590797
1616328441.9197812;25.09960841899167
1616328442.0150027;24.643661282427797
1616328442.110229;26.015907978463037
1616328442.2054296;27.070974057758193
1616328442.3006284;25.057758198727356
1616328442.3958793;28.051150269211934
1616328442.4910698;26.672295643661275
1616328442.5863109;24.383749388154666
1616328442.6814938;25.593000489476253
1616328442.7768226;25.731767009300043
1616328442.8719423;24.27802251590797
1616328442.9671805;24.19211943220753
1616328443.06237;23.38154674498286
1616328443.1576273;23.07758198727361
1616328443.2527788;23.403573176700924
1616328443.3480065;24.775819872736164
1616328443.443217;27.87053352912383
1616328443.5384276;29.037934410181098
1616328443.6336462;25.407978463044536
1616328443.7288575;24.178903573176694
1616328443.8240554;25.482868330885946
1616328443.9192731;26.786833088595195
1616328444.0144756;26.0026921194322
1616328444.1097147;25.018110621634843
1616328444.2049267;24.441018110621627
1616328444.3001475;24.996084189916782
1616328444.3953629;26.23837493881546
1616328444.4905763;27.23396965247185
1616328444.5858366;27.189916789035724
1616328444.6810217;27.687714145863918
1616328444.776283;27.350709740577575
1616328444.8703947;26.99828683308859
1616328444.9666774;25.890357317670087
1616328445.0618446;25.52031326480665
1616328445.1570745;26.28463044542339
1616328445.2522428;26.993881546744976
1616328445.347473;26.355115026921187
1616328445.4426777;25.868330885952023
1616328445.537895;27.626040137053344
1616328445.633084;27.976260401370528
1616328445.7283013;26.357317670092993
1616328445.8235028;25.892559960841893
1616328445.9187164;27.258198727361716
1616328446.013937;26.361722956436605
1616328446.1092029;24.25599608418991
1616328446.204377;24.421194322075372
1616328446.299564;25.67009300048947
1616328446.3948078;27.626040137053344
1616328446.4900334;26.883749388154666
1616328446.5853033;26.879344101811053
1616328446.6804361;26.476260401370528
1616328446.775612;26.436612824278015
1616328446.870805;27.482868330885946
1616328446.9660234;27.43881546744982
1616328447.0611932;26.74498286833088
1616328447.156532;26.87053352912383
1616328447.2516036;27.92339696524718
1616328447.3468275;27.30004894762603
1616328447.4420247;24.868330885952023
1616328447.5372503;25.493881546744976
1616328447.6324565;26.50930004894762
1616328447.7276878;26.097405775819865
1616328447.8228755;26.833088595203126
1616328447.91808;26.74938815467449
1616328448.0132813;27.92780225159079
1616328448.1085312;28.87053352912383
1616328448.2037296;30.41678903573176
1616328448.2989402;28.604013705335284
1616328448.3941407;26.43441018110621
1616328448.4893558;26.740577581987267
1616328448.584563;27.485070974057752
1616328448.6797762;27.85291238374938
1616328448.774962;26.80004894762603
1616328448.8701777;26.833088595203126
1616328448.965377;26.987273617229558
1616328449.060582;26.689916789035724
1616328449.1558487;25.903573176700924
1616328449.2510147;26.007097405775813
1616328449.3462741;26.01370533529123
1616328449.4414337;25.414586392559954
1616328449.5366771;26.154674498286827
1616328449.6318722;28.207537934410173
1616328449.727117;28.56216348507097
1616328449.8223011;28.194322075379336
1616328449.9176192;26.764806656877134
1616328450.0127034;26.81326480665687
1616328450.1079218;27.615026921194314
1616328450.2031293;26.414586392559954
1616328450.298326;26.3947626040137
1616328450.3935235;27.725159079784625
1616328450.4876792;27.39916789035731
1616328450.5838904;27.07758198727361
1616328450.6790977;26.872736172295635
1616328450.7743092;26.97405775819872
1616328450.869506;27.75599608418991
1616328450.964722;26.877141458639247
1616328451.0599203;26.34189916789035
1616328451.1552062;27.04233969652471
1616328451.2503207;26.70313264806656
1616328451.3455105;25.9674498286833
1616328451.4407063;26.040137053352904
1616328451.5359616;26.139255996084184
1616328451.63108;26.590797846304447
1616328451.7263021;26.040137053352904
1616328451.8214538;25.544542339696516
1616328451.916667;25.529123837493874
1616328452.0118108;25.99828683308859
1616328452.1070309;26.35291238374938
1616328452.202248;26.29564366128242
1616328452.2973616;26.24498286833088
1616328452.392509;26.004894762604007
1616328452.4877224;26.035731767009292
1616328452.5828662;26.346304454233962
1616328452.678064;26.575379344101805
1616328452.7733817;26.225159079784625
1616328452.8684795;26.522515907978455
1616328452.963661;26.81326480665687
1616328453.05886;25.56216348507097
1616328453.1540892;24.220753793441013
1616328453.2492692;24.410181106216342
1616328453.3444846;25.56216348507097
1616328453.4396677;25.22295643661282
1616328453.534867;24.815467449828677
1616328453.6300528;24.390357317670087
1616328453.7252557;25.753793441018104
1616328453.8204582;26.689916789035724
1616328453.9156268;25.458639255996076
1616328454.0108194;24.44982868330885
1616328454.1060507;24.28463044542339
1616328454.201219;24.126040137053344
1616328454.2964697;24.377141458639247
1616328454.3916335;25.178903573176694
1616328454.486856;25.14806656877141
1616328454.582036;25.3242780225159
1616328454.6772506;25.496084189916782
1616328454.7724295;24.835291238374932
1616328454.8676934;25.769211943220746
1616328454.9628563;25.326480665687708
1616328455.0580297;25.150269211943215
1616328455.1532218;25.507097405775813
1616328455.2484117;25.08859520313264
1616328455.3435996;25.694322075379336
1616328455.4388053;26.31987273617229
1616328455.5339837;26.43881546744982
1616328455.629314;25.71414586392559
1616328455.724437;23.487273617229558
1616328455.819585;23.683308859520306
1616328455.9147966;24.892559960841893
1616328456.0089645;26.401370533529118
1616328456.1051476;27.91678903573176
1616328456.200346;26.85291238374938
1616328456.295545;27.407978463044536
1616328456.390746;27.46965247185511
1616328456.4859765;26.678903573176694
1616328456.5811605;26.597405775819865
1616328456.6763709;27.811062163485065
1616328456.7715318;26.29564366128242
1616328456.8667464;25.443220753793433
1616328456.9619167;25.176700930004888
1616328457.057198;25.53132648066568
1616328457.1522884;24.172295643661275
1616328457.2474988;24.70313264806656
1616328457.342663;25.615026921194314
1616328457.4378579;25.253793441018104
1616328457.533048;24.090797846304447
1616328457.6282508;23.471855115026916
1616328457.7234395;25.097405775819865
1616328457.8187509;26.608418991678896
1616328457.9138403;26.742780225159073
1616328458.0090094;26.108418991678896
1616328458.1041892;25.81987273617229
1616328458.1994085;24.339696524718544
1616328458.2945545;24.45643661282427
1616328458.3898609;25.322075379344096
1616328458.48494;25.485070974057752
1616328458.5801132;24.0026921194322
1616328458.6753094;24.396965247185506
1616328458.770497;25.240577581987267
1616328458.8657796;24.454233969652464
1616328458.9608698;24.711943220753785
1616328459.0560935;26.14806656877141
1616328459.1513495;25.311062163485065
1616328459.246492;24.03132648066568
1616328459.3416536;23.8595203132648
1616328459.4368675;23.77361722956436
1616328459.5320156;23.112824278022508
1616328459.6272433;22.930004894762597
1616328459.7224193;24.119432207537926
1616328459.8176448;24.421194322075372
1616328459.9128308;24.518110621634843
1616328460.0079825;24.1811062163485
1616328460.1031675;24.52471855115026
1616328460.1983538;24.165687714145857
1616328460.2935388;23.868330885952023
1616328460.3887315;24.344101811062156
1616328460.4839187;24.093000489476253
1616328460.5791008;24.187714145863918
1616328460.6742866;24.211943220753785
1616328460.7694693;23.806656877141453
1616328460.8646557;23.85291238374938
1616328460.9598525;23.593000489476253
1616328461.0550237;23.289035731767
1616328461.150237;23.176700930004888
1616328461.2454028;23.465247185511494
1616328461.3405917;23.88154674498286
1616328461.4358063;23.639255996084184
1616328461.5309696;24.132648066568763
1616328461.6262012;24.49167890357317
1616328461.7203038;24.14145863925599
1616328461.81654;23.762604013705328
1616328461.911675;22.615026921194314
1616328462.00688;22.372736172295635
1616328462.1020305;24.194322075379336
1616328462.1972442;24.958639255996076
1616328462.292399;24.086392559960835
1616328462.3875895;23.42339696524718
1616328462.4827418;23.43441018110621
1616328462.5779328;23.740577581987267
1616328462.6731174;23.936612824278015
1616328462.7682934;23.8242780225159
1616328462.8634965;23.126040137053344
1616328462.9586654;22.54894762604013
1616328463.0538545;22.650269211943215
1616328463.1490545;23.579784630445417
1616328463.244247;24.476260401370528
1616328463.339422;23.291238374938807
1616328463.4346638;22.535731767009292
1616328463.52976;22.81326480665687
1616328463.6249175;22.355115026921187
1616328463.7200801;23.19872736172295
1616328463.8152344;23.87493881546744
1616328463.9104574;24.8947626040137
1616328464.005678;24.430004894762597
1616328464.1007705;22.108418991678896
1616328464.1960468;22.01370533529123
1616328464.2911303;21.253793441018104
1616328464.386347;20.421194322075372
1616328464.4814992;21.39916789035731
1616328464.5767121;21.535731767009292
1616328464.6718798;20.958639255996076
1616328464.7670736;20.903573176700924
1616328464.8622198;22.478463044542334
1616328464.9574554;23.643661282427797
1616328465.0525918;23.66348507097405
1616328465.1477888;23.487273617229558
1616328465.2429461;22.037934410181098
1616328465.3381195;20.61722956436612
1616328465.4333003;21.286833088595195
1616328465.528475;23.079784630445417
1616328465.6236434;23.896965247185506
1616328465.7188222;22.286833088595195
1616328465.8139935;21.385952031326475
1616328465.9091845;21.5026921194322
1616328466.0043602;20.482868330885946
1616328466.0995326;20.896965247185506
1616328466.1947155;20.551150269211934
1616328466.2899044;20.667890357317663
1616328466.385073;22.872736172295635
1616328466.4802537;21.771414586392552
1616328466.5754325;21.075379344101805
1616328466.6706135;22.92780225159079
1616328466.7658272;23.108418991678896
1616328466.8609622;22.297846304454225
1616328466.956178;21.656877141458633
1616328467.0513728;22.485070974057752
1616328467.146511;22.418991678903566
1616328467.240595;21.63705335291238
1616328467.336833;22.004894762604007
1616328467.4319453;21.742780225159073
1616328467.5271487;21.476260401370528
1616328467.6223023;22.068771414586386
1616328467.7174916;21.936612824278015
1616328467.8126433;21.154674498286827
1616328467.9078376;21.24938815467449
1616328468.0029895;20.344101811062156
1616328468.0981872;19.742780225159073
1616328468.1933386;18.742780225159073
1616328468.2885382;19.17009300048947
1616328468.3837245;21.80225159079784
1616328468.4788907;20.720753793441013
1616328468.5740554;20.176700930004888
1616328468.669217;21.0026921194322
1616328468.7643626;21.8242780225159
1616328468.8595302;21.817670093000483
1616328468.9547548;21.357317670092993
1616328469.0498974;21.08859520313264
1616328469.1450942;21.150269211943215
1616328469.2401748;21.03132648066568
1616328469.3353438;20.377141458639247
1616328469.4305232;22.736172295643655
1616328469.525661;22.729564366128237
1616328469.6209784;20.982868330885946
1616328469.716067;20.687714145863918
1616328469.8112078;22.350709740577575
1616328469.9064054;22.707537934410173
1616328470.0015533;21.05555555555555
1616328470.0967329;21.630445423396957
1616328470.1918833;20.229564366128237
1616328470.2871313;20.026921194322068
1616328470.382215;22.476260401370528
1616328470.4774165;20.27802251590797
1616328470.5725539;19.557758198727356
1616328470.667753;18.74498286833088
1616328470.7628918;18.579784630445417
1616328470.8580549;21.04894762604013
1616328470.9532297;19.16348507097405
1616328471.0483806;18.16348507097405
1616328471.1435611;20.121634850709732
1616328471.2387457;21.51370533529123
1616328471.333904;19.892559960841893
1616328471.429073;19.45643661282427
1616328471.5242624;20.98066568771414
1616328471.619415;20.59520313264806
1616328471.7146168;21.115026921194314
1616328471.8097713;21.982868330885946
1616328471.904933;21.689916789035724
1616328472.0000863;20.597405775819865
1616328472.09534;20.537934410181098
1616328472.1904283;21.791238374938807
1616328472.285577;21.59520313264806
1616328472.380728;20.85291238374938
1616328472.4759371;20.194322075379336
1616328472.571071;20.786833088595195
1616328472.6662664;21.196524718551142
1616328472.761406;21.932207537934403
1616328472.8566098;22.30885952031326
1616328472.9506986;21.328683308859514
1616328473.0469155;21.08418991678903
1616328473.14205;21.954233969652464
1616328473.237248;21.42780225159079
1616328473.3323855;20.74938815467449
1616328473.4275768;20.02471855115026
1616328473.5227234;19.866128242780217
1616328473.6178875;20.43881546744982
1616328473.7130337;21.10621634850709
1616328473.8082106;20.275819872736164
1616328473.9033625;19.661282427802245
1616328473.998534;21.130445423396957
1616328474.0936737;22.09520313264806
1616328474.1888454;21.522515907978455
1616328474.2839997;20.046744982868322
1616328474.3791735;20.26700930004894
1616328474.4743514;20.661282427802245
1616328474.5695946;20.84850709740577
1616328474.6647496;20.925599608418985
1616328474.7598462;20.5026921194322
1616328474.8550107;21.015907978463037
1616328474.9501522;21.02031326480665
1616328475.045313;20.15907978463044
1616328475.140476;20.74938815467449
1616328475.2357764;20.23837493881546
1616328475.3308032;19.53132648066568
1616328475.425996;20.553352912383744
1616328475.5211174;20.368330885952023
1616328475.616313;19.910181106216342
1616328475.7114508;20.126040137053344
1616328475.8066218;19.96084189916788
1616328475.9017634;19.366128242780217
1616328475.996943;19.130445423396957
1616328476.092081;19.194322075379336
1616328476.1872656;19.639255996084184
1616328476.2824023;20.172295643661275
1616328476.3776886;20.740577581987267
1616328476.4727283;19.69872736172295
1616328476.5678995;19.27361722956436
1616328476.6630802;19.49167890357317
1616328476.7582917;18.861722956436605
1616328476.8534238;19.751590797846298
1616328476.9485772;21.978463044542334
1616328477.043732;21.833088595203126
1616328477.1388848;20.533529123837486
1616328477.234098;20.090797846304447
1616328477.3292067;19.27802251590797
1616328477.4243662;19.392559960841893
1616328477.5195072;19.42780225159079
1616328477.6146605;20.45643661282427
1616328477.7098422;20.782427802251583
1616328477.8049898;20.09960841899167
1616328477.9001684;18.564366128242774
1616328477.995303;18.94542339696524
1616328478.0905352;19.333088595203126
1616328478.185643;19.02031326480665
1616328478.2807913;19.775819872736164
1616328478.3760078;19.877141458639247
1616328478.4700766;19.3242780225159
1616328478.566282;19.38815467449828
1616328478.6613824;19.910181106216342
1616328478.7565606;19.910181106216342
1616328478.8516672;18.58418991678903
1616328478.9468544;18.626040137053344
1616328479.0419753;19.289035731767
1616328479.1371663;19.493881546744976
1616328479.232288;18.932207537934403
1616328479.3274815;18.661282427802245
1616328479.422593;19.22295643661282
1616328479.5177853;19.134850709740572
1616328479.612908;18.40577581987273
1616328479.7080607;18.383749388154666
1616328479.8032367;18.575379344101805
1616328479.8983755;18.76700930004894
1616328479.99354;18.965247185511494
1616328480.0887098;18.872736172295635
1616328480.1839113;18.02471855115026
1616328480.2790484;18.090797846304447
1616328480.3741302;19.194322075379336
1616328480.469268;20.315467449828677
1616328480.5644126;19.36392559960841
1616328480.6595466;18.619432207537926
1616328480.7546892;18.63705335291238
1616328480.8499575;17.892559960841893
1616328480.9449914;18.92339696524718
1616328481.0401433;18.665687714145857
1616328481.1352954;17.78463044542339
1616328481.2304592;16.857317670092993
1616328481.3256164;15.971855115026914
1616328481.4207742;19.176700930004888
1616328481.5159588;20.42780225159079
1616328481.6111095;19.366128242780217
1616328481.706297;18.811062163485065
1616328481.8014693;16.996084189916782
1616328481.8966398;18.000489476260395
1616328481.991724;17.75599608418991
1616328482.0868957;17.61722956436612
1616328482.1820133;18.02031326480665
1616328482.2772;17.504894762604007
1616328482.3723133;15.969652471855108
1616328482.4675548;15.044542339696518
1616328482.5626044;14.77802251590797
1616328482.6577933;16.593000489476253
1616328482.7529247;16.194322075379336
1616328482.8480737;14.855115026921187
1616328482.943248;14.764806656877134
1616328483.038386;15.26700930004894
1616328483.1335921;15.326480665687708
1616328483.228696;15.509300048947619
1616328483.3238568;14.672295643661275
1616328483.4190269;15.086392559960835
1616328483.5141585;15.17009300048947
1616328483.6093168;14.478463044542332
1616328483.7044733;14.980665687714138
1616328483.7996032;14.967449828683302
1616328483.8947608;14.632648066568764
1616328483.9899106;14.546744982868324
1616328484.0850446;13.81326480665687
1616328484.1791527;13.967449828683302
1616328484.2753263;13.714145863925593
1616328484.3704917;13.088595203132641
1616328484.4656503;12.892559960841892
1616328484.5608053;11.92780225159079
1616328484.6560133;12.454233969652465
1616328484.7511034;12.1811062163485
1616328484.8462915;13.026921194322068
1616328484.9414122;13.817670093000482
1616328485.0366104;15.17009300048947
1616328485.1317394;13.346304454233962
1616328485.226901;11.346304454233962
1616328485.3220026;12.49167890357317
1616328485.417205;13.637053352912377
1616328485.5123003;11.800048947626033
1616328485.6074789;10.918991678903566
1616328485.702618;11.306656877141451
1616328485.797854;11.476260401370526
1616328485.8930116;11.42780225159079
1616328485.9880712;13.30225159079784
1616328486.0831966;14.17009300048947
1616328486.178322;15.011502692119425
1616328486.2734704;13.465247185511496
1616328486.368621;13.25599608418991
1616328486.4638932;14.535731767009294
1616328486.558941;14.128242780225152
1616328486.6541066;12.837493881546738
1616328486.7492638;12.747185511502686
1616328486.8444045;12.95203132648066
1616328486.9395623;13.073176700929999
1616328487.0346844;13.780225159079777
1616328487.129845;12.718551150269205
1616328487.224989;13.69211943220753
1616328487.3201253;14.54894762604013
1616328487.4152672;13.89916789035731
1616328487.5104115;14.575379344101805
1616328487.6055562;15.161282427802245
1616328487.7007208;13.665687714145857
1616328487.7959042;13.385952031326473
1616328487.8910272;15.194322075379336
1616328487.9862566;16.61722956436612
1616328488.0813327;15.982868330885944
1616328488.1765263;14.75599608418991
1616328488.271633;15.174498286833082
1616328488.3668177;14.326480665687708
1616328488.4619677;13.581987273617223
1616328488.5571973;13.511502692119425
1616328488.6522436;13.438815467449821
1616328488.7474127;13.833088595203126
1616328488.8425374;15.41678903573176
1616328488.9377093;16.187714145863918
1616328489.0328183;15.626040137053346
1616328489.1279738;16.33088595203132
1616328489.2231307;14.403573176700922
1616328489.318266;14.112824278022508
1616328489.4134212;12.264806656877134
1616328489.5085697;11.5026921194322
1616328489.6037166;11.610621634850702
1616328489.6978133;12.097405775819865
1616328489.793992;12.46304454233969
1616328489.8891501;12.85291238374938
1616328489.9842863;13.597405775819865
1616328490.0794294;13.89916789035731
1616328490.1745954;13.249388154674492
1616328490.2697587;12.544542339696518
1616328490.3648932;12.89916789035731
1616328490.460041;13.652471855115019
1616328490.5551836;13.359520313264799
1616328490.650319;12.982868330885944
1616328490.7454774;13.004894762604007
1616328490.8406308;12.914586392559954
1616328490.9358115;13.211943220753787
1616328491.0309274;12.930004894762597
1616328491.1261036;12.242780225159073
1616328491.2212205;11.890357317670086
1616328491.3164165;11.848507097405768
1616328491.4115977;12.546744982868324
1616328491.5067623;12.934410181106209
1616328491.601819;13.478463044542332
1616328491.6969817;13.425599608418985
1616328491.792106;12.749388154674492
1616328491.8872612;12.350709740577575
1616328491.9823847;11.866128242780219
1616328492.0776544;11.769211943220746
1616328492.1726646;12.733969652471847
1616328492.2678344;12.218551150269205
1616328492.3629403;11.718551150269205
1616328492.4580736;11.566568771414579
1616328492.5532126;11.203132648066562
1616328492.6483634;10.253793441018104
1616328492.743507;11.229564366128235
1616328492.8386502;11.368330885952025
1616328492.933914;10.870533529123831
1616328493.028975;11.38815467449828
1616328493.12411;12.064366128242773
1616328493.219252;11.515907978463037
1616328493.3144054;11.617229564366122
1616328493.4095502;11.291238374938809
1616328493.5047138;10.870533529123831
1616328493.5998611;11.20974057758198
1616328493.6949992;11.374938815467443
1616328493.7901485;11.187714145863918
1616328493.8852658;11.154674498286825
1616328493.980405;11.018110621634843
1616328494.0755494;10.6458639255996
1616328494.1706898;10.49167890357317
1616328494.2658608;10.240577581987267
1616328494.3609793;10.075379344101805
1616328494.4561517;10.91678903573176
1616328494.5512578;11.17009300048947
1616328494.6465082;11.057758198727354
1616328494.7415583;10.857317670092993
1616328494.8367195;10.46304454233969
1616328494.9318595;10.141458639255989
1616328495.0270293;10.808859520313257
1616328495.1221607;11.328683308859514
1616328495.217368;10.725159079784623
1616328495.3124557;11.090797846304447
1616328495.4065976;11.328683308859514
1616328495.5027301;11.297846304454227
1616328495.5978673;10.581987273617223
1616328495.693003;9.925599608418985
1616328495.788157;10.249388154674492
1616328495.883297;10.808859520313257
1616328495.9784336;11.139255996084183
1616328496.073578;10.628242780225152
1616328496.1687412;10.958639255996077
1616328496.2638757;11.229564366128235
1616328496.3590267;10.954233969652465
1616328496.454185;10.72075379344101
1616328496.549314;10.62383749388154
1616328496.6444807;10.987273617229556
1616328496.7396107;11.229564366128235
1616328496.8347836;10.685511502692112
1616328496.929922;10.024718551150261
1616328497.0251262;10.19872736172295
1616328497.1202435;11.286833088595197
1616328497.2153234;10.88815467449828
1616328497.3104627;10.372736172295637
1616328497.4055805;10.403573176700922
1616328497.5007286;10.590797846304447
1616328497.5958834;10.412383749388148
1616328497.6911042;9.960841899167884
1616328497.7861664;9.89916789035731
1616328497.8812869;10.513705335291231
1616328497.9765391;10.335291238374932
1616328498.0715823;10.815467449828676
1616328498.1667566;11.38815467449828
1616328498.261875;11.656877141458633
1616328498.357027;11.892559960841892
1616328498.4521525;11.57758198727361
1616328498.5473495;11.167890357317663
1616328498.6424515;10.760401370533522
1616328498.737633;10.619432207537928
1616328498.8327212;10.37714145863925
1616328498.9278686;10.326480665687708
1616328499.022991;10.22075379344101
1616328499.1181355;10.128242780225152
1616328499.2133415;10.72075379344101
1616328499.3084157;10.507097405775813
1616328499.4035513;9.678903573176694
1616328499.4986827;9.357317670092993
1616328499.5938325;10.35291238374938
1616328499.6889753;11.07097405775819
1616328499.7841058;11.590797846304447
1616328499.8792548;10.509300048947619
1616328499.9744098;11.317670093000482
1616328500.0695472;13.346304454233962
1616328500.1646857;12.696524718551142
1616328500.2598667;12.231767009300041
1616328500.3550024;11.978463044542332
1616328500.4501312;11.956436612824271
1616328500.5452557;10.99167890357317
1616328500.6404145;11.22075379344101
1616328500.735546;11.233969652471847
1616328500.8306808;11.053352912383742
1616328500.9247744;11.6811062163485
1616328501.0209339;11.139255996084183
1616328501.116083;9.791238374938809
1616328501.211207;10.286833088595197
1616328501.3063805;10.656877141458633
1616328501.4014904;10.423396965247179
1616328501.4966595;10.654674498286825
1616328501.5917645;11.02031326480665
1616328501.6869526;10.722956436612817
1616328501.7820551;11.02031326480665
1616328501.8772564;12.19211943220753
1616328501.9723597;13.40577581987273
1616328502.0675213;14.394762604013698
1616328502.16263;14.231767009300041
1616328502.2578025;11.96304454233969
1616328502.352918;12.018110621634843
1616328502.4480438;11.837493881546738
1616328502.543178;11.487273617229556
1616328502.6383607;11.617229564366122
1616328502.7335093;10.425599608418985
1616328502.8285606;10.289035731767003
1616328502.9237156;10.196524718551142
1616328503.0188248;10.073176700929999
1616328503.1139483;10.47405775819872
1616328503.2092938;10.216348507097399
1616328503.30431;10.20974057758198
1616328503.399382;9.066568771414579
1616328503.494528;8.912383749388148
1616328503.5896842;9.75599608418991
1616328503.6848266;9.130445423396958
1616328503.7799652;9.694322075379336
1616328503.875095;8.604013705335284
1616328503.9702308;8.67009300048947
1616328504.06537;9.218551150269205
1616328504.1605;9.92780225159079
1616328504.2556882;10.588595203132641
1616328504.3507688;9.011502692119425
1616328504.44594;9.456436612824271
1616328504.5410533;10.143661282427795
1616328504.6362238;9.253793441018104
1616328504.7313309;9.273617229564358
1616328504.826518;9.99167890357317
1616328504.9216177;10.55996084189916
1616328505.0167975;9.848507097405768
1616328505.111893;10.663485070974051
1616328505.2070758;11.33088595203132
1616328505.3022072;12.046744982868324
1616328505.39737;12.04894762604013
1616328505.4924738;11.412383749388148
1616328505.5876298;11.403573176700922
1616328505.6827362;11.423396965247179
1616328505.7779474;11.857317670092993
1616328505.8730247;12.641458639255989
1616328505.9681354;12.837493881546738
1616328506.0632772;11.650269211943213
1616328506.1584063;11.44542339696524
1616328506.2535539;11.297846304454227
1616328506.3486888;10.824278022515902
1616328506.4438412;10.626040137053346
1616328506.538983;10.357317670092993
1616328506.6330733;9.286833088595197
1616328506.729236;8.566568771414579
1616328506.8243802;9.837493881546738
1616328506.9195397;10.225159079784623
1616328507.0146644;10.308859520313257
1616328507.1097994;10.70974057758198
1616328507.2049325;10.04894762604013
1616328507.3000612;9.861722956436605
1616328507.3952105;10.711943220753787
1616328507.4903452;10.758198727361716
1616328507.5854785;10.176700930004888
1616328507.6805997;10.12383749388154
1616328507.775775;10.161282427802245
1616328507.8709085;9.941018110621627
1616328507.9660826;9.581987273617223
1616328508.061182;9.736172295643653
1616328508.1563673;9.656877141458633
1616328508.2515514;9.97405775819872
1616328508.3467035;10.432207537934403
1616328508.441765;11.38815467449828
1616328508.5369363;11.05996084189916
1616328508.6320517;11.200930004894756
1616328508.7271914;11.837493881546738
1616328508.8224957;11.339696524718544
1616328508.9175751;10.846304454233962
1616328509.012587;10.418991678903566
1616328509.107747;9.760401370533522
1616328509.2028534;10.218551150269205
1616328509.2980175;9.996084189916782
1616328509.3931391;8.808859520313257
1616328509.4882698;10.163485070974051
1616328509.583414;11.130445423396958
1616328509.678547;11.068771414586385
1616328509.7736943;11.247185511502686
1616328509.8688297;11.943220753793433
1616328509.9640005;11.934410181106209
1616328510.0591106;12.0379344101811
1616328510.154252;11.273617229564358
1616328510.2493956;10.436612824278015
1616328510.3445494;10.139255996084183
1616328510.4396691;9.628242780225152
1616328510.5348022;9.705335291238368
1616328510.6299205;9.443220753793433
1616328510.7250624;9.214145863925593
1616328510.8201761;10.385952031326473
1616328510.915309;10.822075379344094
1616328511.0104513;11.599608418991671
1616328511.1055648;11.130445423396958
1616328511.2007062;10.791238374938809
1616328511.2959015;9.80225159079784
1616328511.3909786;9.844101811062156
1616328511.4861498;10.015907978463037
1616328511.581252;9.551150269211936
1616328511.6764169;9.064366128242773
1616328511.7714987;9.896965247185504
1616328511.8667512;10.515907978463037
1616328511.9618227;9.749388154674492
1616328512.0569835;9.504894762604007
1616328512.1510494;9.10621634850709
1616328512.2472112;9.132648066568764
1616328512.342292;9.396965247185504
1616328512.4374378;9.789035731767003
1616328512.5325534;9.665687714145857
1616328512.6276956;9.557758198727354
1616328512.7228038;9.163485070974051
1616328512.8179388;9.725159079784623
1616328512.9130766;10.132648066568764
1616328513.0082002;10.45203132648066
1616328513.1033454;10.25599608418991
1616328513.1984744;9.621634850709734
1616328513.293616;9.912383749388148
1616328513.3887436;9.359520313264799
1616328513.4838865;8.903573176700922
1616328513.5790093;9.022515907978455
1616328513.6741493;9.222956436612817
1616328513.7692804;8.914586392559954
1616328513.8644872;9.172295643661275
1616328513.9596217;8.921194322075372
1616328514.0546424;8.94542339696524
1616328514.1497765;8.89916789035731
1616328514.2448792;9.412383749388148
1616328514.3400028;10.769211943220746
1616328514.4353242;10.659079784630439
1616328514.530329;9.295643661282421
1616328514.625389;8.10621634850709
1616328514.7205307;7.5291238374938745
1616328514.8156672;8.361722956436605
1616328514.9108129;9.403573176700922
1616328515.005993;10.04894762604013
1616328515.101082;10.1458639255996
1616328515.1962583;9.947626040137047
1616328515.291345;9.725159079784623
1616328515.3865273;9.581987273617223
1616328515.481606;9.308859520313257
1616328515.5767837;9.297846304454227
1616328515.6718662;9.013705335291231
1616328515.7670233;9.156877141458633
1616328515.8621042;9.39916789035731
1616328515.9572704;9.319872736172288
1616328516.0523672;9.1458639255996
1616328516.1476364;9.126040137053346
1616328516.2426548;8.674498286833082
1616328516.337814;8.361722956436605
1616328516.432901;8.553352912383742
1616328516.5280309;8.771414586392552
1616328516.623156;8.811062163485063
1616328516.718285;8.83088595203132
1616328516.8134243;8.775819872736164
1616328516.9085639;8.6458639255996
1616328517.00371;8.641458639255989
1616328517.0988462;9.19872736172295
1616328517.1939657;8.881546744982861
1616328517.2891014;7.824278022515901
1616328517.3842256;8.031326480665681
1616328517.4793499;8.5379344101811
1616328517.5744815;8.55996084189916
1616328517.668584;8.026921194322068
1616328517.7647011;8.941018110621627
1616328517.8598242;8.819872736172288
1616328517.9549701;8.568771414586385
1616328518.0501044;8.705335291238368
1616328518.1452258;8.150269211943213
1616328518.2403762;8.053352912383742
1616328518.3355196;8.599608418991671
1616328518.4306393;8.650269211943213
1616328518.5257938;8.52031326480665
1616328518.6209075;8.826480665687708
1616328518.7160704;8.612824278022508
1616328518.811157;8.132648066568764
1616328518.9063425;7.714145863925593
1616328519.0014648;7.731767009300042
1616328519.0965989;8.447626040137047
1616328519.1916642;8.20974057758198
1616328519.286833;8.055555555555548
1616328519.3819313;8.359520313264799
1616328519.4771574;8.482868330885944
1616328519.5721633;8.546744982868324
1616328519.6673532;8.487273617229556
1616328519.7623882;8.231767009300041
1616328519.8575337;8.115026921194316
1616328519.952627;8.467449828683302
1616328520.0479097;8.883749388154667
1616328520.142912;8.817670093000482
1616328520.238021;8.934410181106209
1616328520.333161;9.240577581987267
1616328520.4283082;9.044542339696518
1616328520.5234087;8.83088595203132
1616328520.6185338;8.742780225159073
1616328520.7136538;8.26700930004894
1616328520.8087795;8.12383749388154
1616328520.9039023;8.110621634850702
1616328520.9990256;8.229564366128235
1616328521.0941463;8.240577581987267
1616328521.1892626;8.26700930004894
1616328521.2843978;8.432207537934403
1616328521.3795254;8.374938815467443
1616328521.4746642;8.52031326480665
1616328521.5697858;8.487273617229556
1616328521.664926;8.407978463044536
1616328521.7600546;8.280225159079777
1616328521.8551795;8.163485070974051
1616328521.9503148;8.430004894762597
1616328522.0454571;8.293441018110615
1616328522.140589;8.35291238374938
1616328522.2357357;8.383749388154667
1616328522.3308377;8.350709740577575
1616328522.4259794;8.45203132648066
1616328522.5210907;8.639255996084183
1616328522.6162324;8.247185511502686
1616328522.711348;8.130445423396958
1616328522.8064733;7.918991678903566
1616328522.9015832;7.837493881546738
1616328522.9967964;8.029123837493874
1616328523.091835;8.258198727361716
1616328523.187004;8.39916789035731
1616328523.2820983;8.551150269211936
1616328523.3762662;8.471855115026914
1616328523.4723654;8.5026921194322
1616328523.5674887;8.5379344101811
1616328523.662607;8.650269211943213
1616328523.7577577;8.529123837493874
1616328523.8528543;8.41678903573176
1616328523.9479797;7.716348507097399
1616328524.0431023;7.418991678903566
1616328524.1382391;8.015907978463037
1616328524.23336;8.311062163485063
1616328524.3284788;8.176700930004888
1616328524.4236183;8.110621634850702
1616328524.5187268;8.07097405775819
1616328524.6138506;7.789035731767002
1616328524.7090364;7.509300048947619
1616328524.8041198;8.225159079784623
1616328524.899228;8.282427802251584
1616328524.994332;8.22075379344101
1616328525.089556;8.456436612824271
1616328525.1845756;8.247185511502686
1616328525.2796755;8.143661282427795
1616328525.3747945;7.7802251590797775
1616328525.4699223;7.240577581987266
1616328525.5650427;7.595203132648059
1616328525.660248;7.866128242780218
1616328525.7552688;7.866128242780218
1616328525.8503764;7.775819872736165
1616328525.9454863;7.337493881546738
1616328526.040615;6.806656877141451
1616328526.1357589;6.273617229564359
1616328526.2308652;6.588595203132641
1616328526.3260307;7.568771414586386
1616328526.4211295;8.227361722956429
1616328526.516291;8.568771414586385
1616328526.6114092;8.159079784630439
1616328526.7065454;8.007097405775813
1616328526.8016548;7.954233969652464
1616328526.8968318;7.465247185511496
1616328526.9919066;7.040137053352905
1616328527.0870788;7.194322075379337
1616328527.1821742;7.504894762604007
1616328527.2773106;7.771414586392553
1616328527.372429;7.3859520313264735
1616328527.467549;6.659079784630438
1616328527.5626578;6.430004894762597
1616328527.6578174;6.6370533529123765
1616328527.7529101;6.557758198727354
1616328527.848018;6.1744982868330816
1616328527.9431598;6.3154674498286765
1616328528.038265;6.775819872736165
1616328528.1333976;6.907978463044535
1616328528.228522;7.412383749388147
1616328528.32365;7.2427802251590725
1616328528.4187782;7.119432207537927
1616328528.5139139;7.273617229564359
1616328528.609029;7.418991678903566
1616328528.7041652;7.575379344101804
1616328528.7993016;7.610621634850703
1616328528.8944187;7.231767009300042
1616328528.9895442;6.355115026921188
1616328529.0836413;6.022515907978456
1616328529.1797802;5.518110621634843
1616328529.2748942;4.987273617229557
1616328529.370018;5.751590797846298
1616328529.465143;6.368330885952024
1616328529.5602615;7.954233969652464
1616328529.655378;6.273617229564359
1616328529.7505288;4.687714145863919
1616328529.8456435;5.403573176700923
1616328529.9407692;4.432207537934403
1616328530.0359268;3.7846304454233897
1616328530.131074;3.9255996084189846
1616328530.226196;4.25599608418991
1616328530.321287;6.383749388154667
1616328530.4164493;38.670093000489466
1616328530.5115695;55.53352912383749
1616328530.6067193;13.231767009300041
1616328530.7019002;7.938815467449822
1616328530.7969658;8.612824278022508
1616328530.8920233;5.28463044542339
1616328530.9871635;5.34189916789035
1616328531.0822403;5.725159079784623
1616328531.1773794;5.659079784630438
1616328531.2725892;6.954233969652464
1616328531.367667;4.720753793441011
1616328531.4627578;3.5313264806656806
1616328531.5578847;3.9916789035731695
1616328531.6530035;4.502692119432201
1616328531.74813;4.412383749388147
1616328531.8432696;4.337493881546738
1616328531.9383857;4.861722956436606
1616328532.0335057;4.9233969652471785
1616328532.1286414;4.881546744982861
1616328532.2237668;4.579784630445416
1616328532.3188872;4.630445423396958
1616328532.4139957;4.394762604013698
1616328532.5091128;4.407978463044535
1616328532.6042278;4.055555555555548
1616328532.6993444;4.289035731767002
1616328532.7944741;5.229564366128236
1616328532.8895967;5.588595203132641
1616328532.984709;5.985070974057751
1616328533.079826;6.064366128242773
1616328533.1749506;5.998286833088588
1616328533.2700794;6.606216348507091
1616328533.3652036;9.25599608418991
1616328533.460327;18.35291238374938
1616328533.5554643;34.72956436612824
1616328533.6505806;36.308859520313256
1616328533.7457502;49.71194322075379
1616328533.840868;71.31546744982867
1616328533.9360163;91.26700930004894
1616328534.0311053;116.1084189916789
1616328534.126323;162.98066568771415
1616328534.2213326;238.48066568771415
1616328534.3164823;318.6062163485071
1616328534.4115653;393.4322075379344
1616328534.5056438;467.1789035731767
1616328534.6017873;548.1194322075379
1616328534.6969514;628.0797846304455
1616328534.792024;658.4410181106217
1616328534.88718;604.4211943220754
1616328534.982286;534.1348507097406
1616328535.0775042;440.1084189916789
1616328535.172586;298.98507097405775
1616328535.26767;248.83749388154675
1616328535.3627517;248.20533529123836
1616328535.457893;242.76260401370533
1616328535.5530198;236.17009300048946
1616328535.6481497;210.27581987273618
1616328535.7432556;188.40577581987273
1616328535.8383732;181.1767009300049
1616328535.9334989;166.26700930004895
1616328536.0286045;146.41899167890355
1616328536.1237297;127.34410181106216
1616328536.2188406;106.50709740577581
1616328536.3140376;86.73176700930004
1616328536.4090846;66.02471855115026
1616328536.5041914;47.92780225159079
1616328536.5992937;37.58198727361722
1616328536.6944208;31.94982868330885
1616328536.7895296;26.011502692119425
1616328536.8847713;20.822075379344096
1616328536.9797945;12.67009300048947
1616328537.0749083;5.117229564366121
1616328537.1700401;-0.25721977484092734
1616328537.2651477;-3.4312285854136144
1616328537.360275;-6.021536955457667
1616328537.4553967;-7.884973078805685
1616328537.5505161;-10.034752814488504
1616328537.6456232;-13.598629466470884
1616328537.740739;-17.69114047968674
1616328537.8358805;-20.65810083210965
1616328537.9309802;-22.014929025942248
1616328538.0261257;-23.581008321096434
1616328538.121226;-24.90479686735194
1616328538.216372;-26.52594224180128
1616328538.311467;-28.627263827704365
1616328538.4066246;-29.585413607440046
1616328538.5017238;-30.257219774840927
1616328538.5968885;-31.41581008321097
1616328538.6919677;-31.959862946647096
1616328538.7871134;-31.499510523739605
1616328538.8822052;-31.224180127263836
1616328538.977346;-31.219774840920223
1616328539.0724385;-30.693343122858547
1616328539.1677291;-30.202153695545775
1616328539.262667;-30.398188937836522
1616328539.357809;-31.481889378365157
1616328539.4528792;-31.838717572197755
1616328539.5479925;-31.391581008321104
1616328539.643111;-31.345325501713173
1616328539.738227;-31.578805677924628
1616328539.8333564;-31.354136074400397
1616328539.9284708;-31.332109642682337
1616328540.0236006;-30.98629466470877
1616328540.11876;-30.98629466470877
1616328540.2138474;-30.845325501713173
1616328540.3078942;-30.717572197748417
1616328540.404052;-31.61845325501714
1616328540.4991698;-31.495105237395993
1616328540.5943074;-30.343122858541367
1616328540.68942;-31.43343122858542
1616328540.7845962;-30.763827704356345
1616328540.8796465;-30.91581008321097
1616328540.974766;-30.884973078805686
1616328541.0698743;-30.69114047968674
1616328541.1650035;-31.166911404796874
1616328541.2601116;-30.57219774840921
1616328541.3552196;-30.470876162506126
1616328541.450337;-31.07660303475282
1616328541.5454512;-30.710964268233
1616328541.6405635;-30.1757219774841
1616328541.735681;-30.248409202153702
1616328541.8308403;-31.360744003915816
1616328541.9260612;-32.07219774840921
1616328542.0210571;-32.29466470876163
1616328542.116189;-31.814488497307888
1616328542.2112923;-31.206558981889387
1616328542.3064086;-31.748409202153702
1616328542.4014807;-32.12065589818894
1616328542.4967604;-32.05457660303476
1616328542.5917327;-30.378365149290268
1616328542.686855;-29.391581008321104
1616328542.781941;-30.574400391581015
1616328542.8770816;-31.252814488497314
1616328542.9721553;-30.845325501713173
1616328543.0673008;-31.920215369554583
1616328543.1623936;-32.67792462065591
1616328543.2575533;-32.69995105237397
1616328543.352619;-32.563387175721985
1616328543.4477654;-32.02153695545767
1616328543.5428598;-31.977484092021545
1616328543.6379852;-32.43343122858542
1616328543.733102;-32.673519334312296
1616328543.8282278;-33.04356338717573
1616328543.9233644;-32.82770435633873
1616328544.0184617;-32.75721977484093
1616328544.1135676;-32.19995105237397
1616328544.208668;-32.5699951052374
1616328544.3037813;-32.76823299069996
1616328544.3988886;-32.87836514929027
1616328544.4940045;-33.33210964268234
1616328544.589132;-33.486294664708765
1616328544.6842406;-33.33651492902595
1616328544.7793438;-33.38277043563388
1616328544.8744674;-33.224180127263836
1616328544.9695883;-32.93783651492903
1616328545.064715;-33.169114047968684
1616328545.1598349;-33.50611845325503
1616328545.2549584;-34.00391581008322
1616328545.3500955;-33.735193343122866
1616328545.445197;-33.55457660303476
1616328545.5403175;-33.66470876162507
1616328545.6354492;-33.60083210964269
1616328545.7305675;-33.95986294664709
1616328545.8246996;-34.81669114047969
1616328545.9207716;-35.34752814488498
1616328546.015917;-33.884973078805686
1616328546.1109972;-34.48409202153696
1616328546.2061203;-35.803475281448854
1616328546.30121;-34.7484092021537
1616328546.3964827;-33.541360744003924
1616328546.4914703;-33.41581008321097
1616328546.586595;-33.18673519334313
1616328546.6816814;-33.052373959862955
1616328546.7768242;-33.27043563387176
1616328546.8719013;-33.62285854136075
1616328546.967058;-34.246206558981896
1616328547.0621443;-33.662506118453265
1616328547.1572893;-32.95105237395987
1616328547.2524087;-32.862946647087625
1616328547.3475447;-33.307880567792466
1616328547.4426389;-33.77924620655899
1616328547.5378609;-33.975281448849735
1616328547.632846;-33.957660303475286
1616328547.7279332;-34.38277043563388
1616328547.823029;-34.603034752814494
1616328547.9181612;-34.596426823299076
1616328548.0132375;-33.89818893783652
1616328548.1084642;-33.95105237395987
1616328548.203472;-33.21536955457661
1616328548.298572;-32.413607440039165
1616328548.3936865;-32.03695545766031
1616328548.488816;-23.3188937836515
1616328548.5839257;-10.26162506118454
1616328548.6790485;-36.81008321096427
1616328548.7741566;-54.81669114047969
1616328548.869282;-65.81228585413608
1616328548.9644175;-89.40920215369556
1616328549.0595324;-105.88497307880569
1616328549.154649;-69.49290259422419
1616328549.249759;-58.184532550171326
1616328549.3448944;-52.86514929025943
1616328549.439976;-66.61184532550172
1616328549.5350986;-174.1096426823299
1616328549.630205;-145.8188937836515
1616328549.725311;-45.98188937836515
1616328549.8204231;75.91678903573175
1616328549.9155397;103.3925599608419
1616328550.0106463;59.21194322075379
1616328550.10581;49.403573176700924
1616328550.2009048;17.47405775819872
1616328550.296134;-14.814488497307888
1616328550.3911479;-37.51713166911406
1616328550.4862943;-44.43122858541361
1616328550.5814018;-38.84532550171318
1616328550.676537;-50.56118453255018
1616328550.7716246;-80.9576603034753
1616328550.866821;-23.558981889378373
1616328550.9618542;22.22295643661282
1616328551.0569916;17.694322075379336
1616328551.1520693;31.94542339696524
1616328551.2472186;30.289035731767
1616328551.342306;16.11722956436612
1616328551.4374392;6.537934410181099
1616328551.5314882;-29.95766030347529
1616328551.6276703;-23.655898188937844
1616328551.7227564;16.515907978463037
1616328551.8178704;83.3595203132648
1616328551.9129908;76.3969652471855
1616328552.008127;-7.056779246206566
1616328552.103246;-10.074400391581015
1616328552.1983793;23.412383749388148
1616328552.293539;-8.199951052373967
1616328552.3886569;-9.662506118453262
1616328552.4837759;-10.127263827704363
1616328552.5789015;-7.58321096426824
1616328552.6740272;-1.990699951052381
1616328552.769138;4.551150269211936
1616328552.8642654;1.6194322075379273
1616328552.9594004;1.7648066568771343
1616328553.0545146;0.905775819872729
1616328553.149738;1.1855115026921124
1616328553.2447784;1.2846304454233899
1616328553.3398736;1.932207537934403
1616328553.434992;1.5577581987273545
1616328553.5301178;-0.0633871757219846
1616328553.625241;-1.1316691140479758
1616328553.7205014;4.379344101811055
1616328553.815547;14.231767009300041
1616328553.9106598;-13.27924620655899
1616328554.005825;-175.95325501713168
1616328554.1009164;-243.43343122858542
1616328554.1960764;-210.6691140479687
1616328554.2911735;-58.292462065589824
1616328554.386329;-1.895986294664716
1616328554.4814384;2.5797846304454164
1616328554.5766196;-0.24840920215370266
1616328554.6717098;1.930004894762597
1616328554.76686;5.044542339696518
1616328554.8619704;54.95643661282427
1616328554.9571435;99.90357317670092
1616328555.052259;40.42119432207537
1616328555.147418;-41.20435633871758
1616328555.242546;-127.17351933431229
1616328555.3377998;-53.19774840920216
1616328555.4328208;-48.90699951052375
1616328555.5279734;-221.79686735193343
1616328555.623123;-328.69114047968674
1616328555.7182736;-355.3078805677925
1616328555.8134701;-371.3188937836515
1616328555.908558;-423.5677924620656
1616328556.0036852;-530.3607440039158
1616328556.0988045;-509.3431228585414
1616328556.19394;-444.22638277043563
1616328556.2890646;-357.1977484092022
1616328556.3842127;-223.94664708761627
1616328556.4793572;-91.56118453255017
1616328556.5744896;-21.455457660303484
