1616329097.0131366;0.24375917767986116
1616329097.108358;-0.232011747430271
1616329097.20367;-0.5624082232011961
1616329097.2988372;0.03010279001466292
1616329097.3940916;0.39794419970629286
1616329097.4893432;0.6908957415565131
1616329097.5845091;0.9111600587371299
1616329097.6798625;4.290014684287791
1616329098.1036708;5.679882525697482
1616329098.1988382;3.7591776798825043
1616329098.2941225;5.569750367107174
1616329098.3893964;5.616005873715103
1616329098.484637;6.116005873715103
1616329098.5799055;7.021292217327439
1616329098.6751776;8.723935389133606
1616329098.7704234;7.448604992657835
1616329098.8657472;6.20411160058735
1616329098.960956;6.215124816446381
1616329099.0562444;5.5433186490455
1616329099.1514785;3.2217327459617997
1616329099.2467937;2.8825256975036497
1616329099.342031;5.144640234948584
1616329099.43734;5.604992657856073
1616329099.5325496;5.781204111600566
1616329099.6278536;4.177679882525676
1616329099.7230933;3.519089574155632
1616329099.8183877;3.8516886930983634
1616329099.913665;6.1953010279001255
1616329100.0089462;7.49706314243757
1616329100.1042035;6.668869309838452
1616329100.1994698;8.093979441997043
1616329100.294739;14.708516886930962
1616329100.3899999;10.948604992657835
1616329100.4852543;17.999265785609378
1616329100.58052;24.02129221732744
1616329100.6758409;25.16005873715123
1616329100.7711046;21.915565345080743
1616329100.8663647;22.719530102789992
1616329100.9615905;24.649045521292194
1616329101.0557423;23.878120411160037
1616329101.1520822;23.878120411160037
1616329101.247377;24.35389133627017
1616329101.3426137;20.900146842878097
1616329101.4379349;24.99265785609396
1616329101.5331514;27.052129221732724
1616329101.6284575;28.030102790014663
1616329101.7236998;26.814243759177657
1616329101.8189456;25.481644640234926
1616329101.914176;24.770190895741536
1616329102.0094385;27.049926578560918
1616329102.104661;28.42878120411158
1616329102.1999202;27.92217327459616
1616329102.2951558;25.508076358296602
1616329102.3904066;24.741556534508057
1616329102.4856482;22.953010279001447
1616329102.5808926;24.199706314243738
1616329102.676207;25.58957415565343
1616329102.7715013;26.12261380323052
1616329102.8667424;26.074155653450788
1616329102.9619067;22.5433186490455
1616329103.0572188;18.076358296622594
1616329103.152416;19.2217327459618
1616329103.2476864;19.823054331864885
1616329103.3430698;17.666666666666647
1616329103.4382696;19.913362701908937
1616329103.5334618;19.77239353891334
1616329103.6287005;21.378120411160037
1616329103.7239645;22.930983847283386
1616329103.8192;21.303230543318627
1616329103.9144492;20.26798825256973
1616329104.0096998;20.730543318649023
1616329104.1049905;20.523494860499245
1616329104.2002199;18.33186490455211
1616329104.2954893;18.298825256975014
1616329104.3907344;18.5433186490455
1616329104.4860432;22.563142437591754
1616329104.5812583;23.04772393538911
1616329104.6765642;21.90675477239352
1616329104.7717884;20.61160058737149
1616329104.8670928;19.162261380323034
1616329104.9623394;20.12922173274594
1616329105.0576243;19.41776798825255
1616329105.1528754;20.413362701908937
1616329105.2480993;20.880323054331843
1616329105.3433526;21.549926578560918
1616329105.4385989;21.48384728340673
1616329105.5338554;20.933186490455192
1616329105.6291153;20.54772393538911
1616329105.724352;20.153450807635807
1616329105.819602;19.816446402349463
1616329105.9148662;20.378120411160037
1616329106.0101202;21.53230543318647
1616329106.105374;20.138032305433164
1616329106.200653;19.677679882525677
1616329106.2959301;20.22613803230541
1616329106.3911605;21.00367107195299
1616329106.4864342;20.90675477239352
1616329106.5816607;21.34287812041114
1616329106.6759086;20.384728340675455
1616329106.772188;20.860499265785588
1616329106.8674366;20.19750367107193
1616329106.9626656;21.743759177679863
1616329107.0579252;22.838472834067527
1616329107.1531723;23.734948604992635
1616329107.2483938;22.62922173274594
1616329107.3436403;23.27239353891334
1616329107.4388876;27.22613803230541
1616329107.5341284;25.2217327459618
1616329107.6294022;22.631424375917746
1616329107.724643;21.223935389133604
1616329107.8198986;22.955212922173253
1616329107.9151542;22.633627019089552
1616329108.01039;22.360499265785588
1616329108.1056442;22.668869309838453
1616329108.2009165;19.635829662261358
1616329108.2961867;18.96182085168867
1616329108.3915079;18.206314243759156
1616329108.4866872;20.131424375917746
1616329108.5818763;21.14023494860497
1616329108.67713;20.470631424375895
1616329108.7723448;22.14684287812039
1616329108.8675847;22.679882525697483
1616329108.962903;21.063142437591754
1616329109.0580623;21.829662261380303
1616329109.1532907;24.415565345080743
1616329109.2485445;20.604992657856073
1616329109.3437696;19.541116005873693
1616329109.4390492;22.948604992657835
1616329109.53427;21.16446402349484
1616329109.6295266;21.093979441997043
1616329109.7247746;21.851688693098364
1616329109.8200188;21.560939794419948
1616329109.9152648;22.5433186490455
1616329110.0105157;21.38693098384726
1616329110.1057951;19.380323054331843
1616329110.2009995;18.591776798825236
1616329110.2962987;20.001468428781184
1616329110.3914814;22.953010279001447
1616329110.4867394;22.02569750367105
1616329110.5819545;21.580763582966206
1616329110.677224;20.27239353891334
1616329110.7724242;20.6864904552129
1616329110.867705;21.990455212922154
1616329110.9629273;20.426578560939774
1616329111.0581703;20.04772393538911
1616329111.153405;19.527900146842857
1616329111.248659;20.695301027900125
1616329111.3439312;22.62922173274594
1616329111.4391527;23.135829662261358
1616329111.5344048;22.27900146842876
1616329111.6296484;21.87151248164462
1616329111.7249093;23.834067547723915
1616329111.8201427;22.948604992657835
1616329111.915377;21.505873715124796
1616329112.0106046;22.91776798825255
1616329112.105876;19.710719530102768
1616329112.2010705;20.653450807635807
1616329112.2963402;23.166666666666647
1616329112.3904986;21.860499265785588
1616329112.4867952;21.759177679882505
1616329112.581991;22.82525697503669
1616329112.6772811;22.787812041115984
1616329112.7724562;22.254772393538893
1616329112.8677354;21.803230543318627
1616329112.9629512;18.419970631424356
1616329113.0581877;18.873715124816425
1616329113.153432;19.710719530102768
1616329113.248664;22.37151248164462
1616329113.343912;21.391336270190873
1616329113.4391963;19.878120411160037
1616329113.5344024;22.53671071953008
1616329113.6296375;23.838472834067527
1616329113.724861;21.734948604992635
1616329113.8200834;19.72613803230541
1616329113.9153283;21.604992657856073
1616329114.0106277;23.85389133627017
1616329114.1057954;20.97944199706312
1616329114.2009811;21.087371512481624
1616329114.2962155;21.701908957415544
1616329114.3914158;20.67107195301026
1616329114.4866772;19.230543318649023
1616329114.5819771;21.2569750367107
1616329114.6771514;21.217327459618186
1616329114.7723267;22.0433186490455
1616329114.8676004;22.190895741556513
1616329114.962806;22.124816446402328
1616329115.0580251;20.04772393538911
1616329115.1532795;20.303230543318627
1616329115.2485094;21.69309838472832
1616329115.3437243;21.930983847283386
1616329115.4389548;21.719530102789992
1616329115.534208;20.49265785609396
1616329115.6293902;21.80102790014682
1616329115.7246253;22.435389133626998
1616329115.8198469;20.915565345080743
1616329115.9150772;22.604992657856073
1616329116.0103273;21.695301027900125
1616329116.1055243;22.695301027900125
1616329116.2007368;21.31864904552127
1616329116.2960007;18.981644640234926
1616329116.391205;18.79662261380321
1616329116.4864616;20.93979441997061
1616329116.5816836;19.919970631424356
1616329116.6769233;19.840675477239333
1616329116.772143;20.986049926578538
1616329116.867368;20.55433186490453
1616329116.9625776;21.056534508076336
1616329117.0578125;18.523494860499245
1616329117.1530192;19.274596182085148
1616329117.2482233;23.08957415565343
1616329117.343441;24.51468428781202
1616329117.4386911;22.527900146842857
1616329117.5338936;21.327459618208497
1616329117.6291351;22.0433186490455
1616329117.7243388;20.254772393538893
1616329117.8195589;19.743759177679863
1616329117.9137247;20.62922173274594
1616329118.0099807;20.82085168869308
1616329118.1052015;21.80102790014682
1616329118.2004104;22.926578560939774
1616329118.2956796;22.598384728340655
1616329118.3908632;22.395741556534485
1616329118.4861164;22.188693098384707
1616329118.5812948;22.303230543318627
1616329118.6765792;21.95741556534506
1616329118.7717195;21.966226138032283
1616329118.8669593;20.276798825256954
1616329118.9621427;17.849486049926558
1616329119.0573907;20.56534508076356
1616329119.1525881;21.008076358296602
1616329119.2478178;22.058737151248142
1616329119.3430133;21.838472834067527
1616329119.4382575;23.83186490455211
1616329119.5334644;21.79001468428779
1616329119.628772;18.64684287812039
1616329119.7239065;16.908957415565325
1616329119.8191087;18.83186490455211
1616329119.9143147;21.153450807635807
1616329120.0095305;19.763582966226117
1616329120.1047294;19.58957415565343
1616329120.200056;19.76138032305431
1616329120.2951844;21.69309838472832
1616329120.3903859;23.008076358296602
1616329120.4855936;21.241556534508057
1616329120.5808063;22.351688693098364
1616329120.6760828;21.60719530102788
1616329120.771252;19.508076358296602
1616329120.8664892;18.016886930983826
1616329120.9616644;16.655653450807616
1616329121.0569322;19.860499265785588
1616329121.1522598;23.340675477239333
1616329121.2473936;19.512481644640214
1616329121.342554;19.23715124816444
1616329121.4377973;19.83186490455211
1616329121.5329716;19.783406754772372
1616329121.6281886;18.567547723935366
1616329121.7234402;19.195301027900125
1616329121.8186665;20.79662261380321
1616329121.9138587;20.33627019089572
1616329122.0090697;20.94640234948603
1616329122.1042778;19.351688693098364
1616329122.199486;21.402349486049904
1616329122.2946842;21.609397944199685
1616329122.3898864;20.179882525697483
1616329122.4850996;18.785609397944178
1616329122.5802994;20.574155653450788
1616329122.6755037;20.710719530102768
1616329122.7707188;20.690895741556513
1616329122.8659468;20.38693098384726
1616329122.9611275;18.16446402349484
1616329123.0563693;18.99265785609396
1616329123.1515484;20.58516886930982
1616329123.2467866;20.516886930983826
1616329123.3419776;19.360499265785588
1616329123.4372191;18.475036710719507
1616329123.5313575;21.560939794419948
1616329123.6276224;20.104992657856073
1616329123.7228112;19.849486049926558
1616329123.8180897;20.338472834067527
1616329123.913242;20.433186490455192
1616329124.00843;23.349486049926558
1616329124.1036513;22.287812041115984
1616329124.1988456;20.763582966226117
1616329124.2940683;19.345080763582946
1616329124.389274;17.06534508076356
1616329124.4844806;16.845080763582946
1616329124.5796912;20.902349486049904
1616329124.6748986;21.69309838472832
1616329124.7701132;22.87591776798823
1616329124.8653376;20.26798825256973
1616329124.9605286;18.97944199706312
1616329125.055782;21.426578560939774
1616329125.1509778;19.7569750367107
1616329125.246301;19.68208516886929
1616329125.3413897;17.153450807635807
1616329125.4365964;16.038913362701887
1616329125.5317514;18.26138032305431
1616329125.6269782;20.27900146842876
1616329125.7221487;19.345080763582946
1616329125.8174691;19.133627019089552
1616329125.912562;19.03230543318647
1616329126.0077655;19.24596182085167
1616329126.103;21.35389133627017
1616329126.198155;21.380323054331843
1616329126.293361;21.016886930983826
1616329126.388578;18.060939794419948
1616329126.4837713;19.73715124816444
1616329126.578972;20.53671071953008
1616329126.6741977;17.602790014684267
1616329126.7693932;18.314243759177657
1616329126.8646297;17.481644640234926
1616329126.9598308;18.316446402349463
1616329127.0550213;18.908957415565325
1616329127.1502082;19.904552129221713
1616329127.245398;20.556534508076336
1616329127.340584;20.29001468428779
1616329127.4358346;17.953010279001447
1616329127.5309782;18.781204111600566
1616329127.6262238;21.92878120411158
1616329127.7213886;20.219530102789992
1616329127.8166165;18.668869309838453
1616329127.911793;19.89353891336268
1616329128.0070398;21.071953010278982
1616329128.1021929;20.75036710719528
1616329128.197468;22.008076358296602
1616329128.2926242;21.109397944199685
1616329128.3878396;21.96182085168867
1616329128.4830468;20.990455212922154
1616329128.5782332;20.378120411160037
1616329128.6734223;20.677679882525677
1616329128.768612;20.0433186490455
1616329128.8638177;22.803230543318627
1616329128.9590075;22.798825256975014
1616329129.054202;23.765785609397923
1616329129.1483219;24.823054331864885
1616329129.2445505;20.889133627019067
1616329129.3397114;17.908957415565325
1616329129.434945;19.441997063142416
1616329129.5301237;22.730543318649023
1616329129.6253235;24.270190895741536
1616329129.7205138;21.34287812041114
1616329129.815702;20.29662261380321
1616329129.9109175;19.805433186490433
1616329130.0061362;20.153450807635807
1616329130.1013029;22.763582966226117
1616329130.1965506;23.294419970631402
1616329130.2916772;24.149045521292194
1616329130.3869007;23.935389133626998
1616329130.4820504;23.091776798825236
1616329130.5772762;24.19750367107193
1616329130.6724231;23.23935389133625
1616329130.7676275;20.80102790014682
1616329130.8628802;23.437591776798804
1616329130.9579673;23.06534508076356
1616329131.0531502;22.087371512481624
1616329131.1484113;21.781204111600566
1616329131.2435389;22.58957415565343
1616329131.3387206;23.783406754772372
1616329131.4340284;23.351688693098364
1616329131.5291274;22.99706314243757
1616329131.6243193;23.360499265785588
1616329131.7195191;23.113803230543297
1616329131.8147128;20.719530102789992
1616329131.9099405;23.254772393538893
1616329132.0051067;23.116005873715103
1616329132.100304;21.666666666666647
1616329132.1955009;22.32525697503669
1616329132.2906654;20.329662261380303
1616329132.3858657;19.8649045521292
1616329132.4810443;18.723935389133604
1616329132.5762413;20.743759177679863
1616329132.6713972;21.743759177679863
1616329132.7666028;21.765785609397923
1616329132.8617527;19.124816446402328
1616329132.9569945;18.649045521292194
1616329133.0521224;18.613803230543297
1616329133.147543;20.655653450807616
1616329133.2425127;20.17107195301026
1616329133.3377223;19.19750367107193
1616329133.4328809;20.151248164464
1616329133.5280724;20.81204111600585
1616329133.6232774;20.591776798825236
1616329133.7184455;22.415565345080743
1616329133.8136275;22.708516886930962
1616329133.908817;23.930983847283386
1616329134.0039923;22.444199706314222
1616329134.0991669;21.323054331864885
1616329134.194368;22.038913362701887
1616329134.2895496;24.776798825256954
1616329134.3847222;25.42878120411158
1616329134.4799006;22.96842878120409
1616329134.5750911;22.23715124816444
1616329134.669257;21.5433186490455
1616329134.76441;19.067547723935366
1616329134.860628;19.895741556534485
1616329134.9558513;20.37151248164462
1616329135.0509987;20.83627019089572
1616329135.1462224;21.210719530102768
1616329135.241404;18.37151248164462
1616329135.3366;21.98384728340673
1616329135.4317346;23.6864904552129
1616329135.5269501;21.219530102789992
1616329135.62209;21.734948604992635
1616329135.7173107;22.690895741556513
1616329135.8124337;20.26138032305431
1616329135.9076433;21.142437591776776
1616329136.002782;22.481644640234926
1616329136.0979757;21.023494860499245
1616329136.19317;19.99265785609396
1616329136.2883525;20.33627019089572
1616329136.3835313;22.294419970631402
1616329136.4787877;22.212922173274574
1616329136.5738764;21.50367107195299
1616329136.669048;19.14023494860497
1616329136.764222;19.52569750367105
1616329136.8593853;19.552129221732724
1616329136.9545593;19.153450807635807
1616329137.0498242;19.283406754772372
1616329137.1449199;20.378120411160037
1616329137.2400925;20.774596182085148
1616329137.3352935;22.937591776798804
1616329137.43045;24.34287812041114
1616329137.5256097;22.7217327459618
1616329137.620805;23.356093979441976
1616329137.7160003;25.413362701908937
1616329137.8111434;26.723935389133604
1616329137.9063733;29.22613803230541
1616329138.0015228;33.26798825256973
1616329138.0967155;34.78340675477237
1616329138.19189;38.0433186490455
1616329138.2871063;42.171071953010255
1616329138.3822901;45.50587371512479
1616329138.4774854;45.97944199706312
1616329138.572619;50.20190895741555
1616329138.667858;54.510279001468405
1616329138.7629936;59.09618208516885
1616329138.858194;64.45521292217326
1616329138.9533503;69.48825256975034
1616329139.0485306;73.19089574155652
1616329139.1437073;80.77239353891333
1616329139.2389176;87.82085168869308
1616329139.3340535;97.31204111600586
1616329139.4292612;105.93979441997061
1616329139.5244157;115.62701908957413
1616329139.6195958;126.31864904552127
1616329139.7147672;143.34728340675474
1616329139.809942;154.8649045521292
1616329139.9051468;169.4089574155653
1616329140.0003095;188.34287812041114
1616329140.095493;208.24596182085168
1616329140.1906712;236.06754772393538
1616329140.2859051;263.3076358296622
1616329140.379957;291.82525697503667
1616329140.4762268;321.56534508076356
1616329140.5713437;347.1997063142437
1616329140.6665351;375.9860499265785
1616329140.7616832;410.77900146842876
1616329140.8568885;446.6644640234948
1616329140.9520402;474.5499265785609
1616329141.0472355;481.70851688693097
1616329141.1423728;485.8935389133627
1616329141.2376049;492.6071953010279
1616329141.3327281;489.88252569750364
1616329141.4279175;474.15785609397943
1616329141.5231001;441.0080763582966
1616329141.6182554;421.3693098384728
1616329141.713433;401.3979441997063
1616329141.8086026;373.7151248164464
1616329141.9038062;336.1644640234948
1616329141.999027;297.7922173274596
1616329142.0942287;262.3428781204111
1616329142.189322;246.90675477239353
1616329142.2844813;245.87591776798823
1616329142.379653;234.8957415565345
1616329142.4748232;220.582966226138
1616329142.5700045;210.41556534508075
1616329142.6652794;201.30323054331862
1616329142.7603567;186.16886930983844
1616329142.8555343;177.80323054331862
1616329142.9507139;173.02569750367104
1616329143.0459359;162.75036710719527
1616329143.1410842;153.98825256975036
1616329143.236286;145.01248164464022
1616329143.33144;137.46622613803228
1616329143.42665;135.96182085168869
1616329143.5217955;129.55873715124815
1616329143.617017;126.003671071953
1616329143.7121797;127.34508076358294
1616329143.8073587;126.7922173274596
1616329143.9025118;120.77900146842876
1616329143.9977162;113.27679882525695
1616329144.0928595;110.71953010278999
1616329144.188014;110.37812041116004
1616329144.28319;105.92437591776796
1616329144.3783612;101.58737151248162
1616329144.4735188;99.59618208516885
1616329144.5687027;94.16005873715123
1616329144.663894;91.64023494860497
1616329144.759061;87.60279001468426
1616329144.8542337;81.4375917767988
1616329144.9494944;75.71732745961819
1616329145.0446162;74.88472834067545
1616329145.1397793;72.41776798825255
1616329145.2349405;71.41556534508074
1616329145.3301342;70.935389133627
1616329145.4252977;66.93979441997061
1616329145.5204647;63.32305433186488
1616329145.6156442;61.92437591776797
1616329145.7108123;56.85829662261378
1616329145.8059912;52.8627019089574
1616329145.9000568;51.96842878120409
1616329145.9963129;44.40234948604991
1616329146.0914283;38.39353891336268
1616329146.1866274;35.67988252569748
1616329146.28178;32.82525697503669
1616329146.3769748;29.695301027900125
1616329146.4721162;28.510279001468408
1616329146.5673237;25.360499265785588
1616329146.6624753;24.699706314243738
1616329146.7577145;22.792217327459596
1616329146.852841;21.834067547723915
1616329146.9480062;22.42878120411158
1616329147.043206;18.83627019089572
1616329147.1383517;16.133627019089552
1616329147.2335439;15.078560939794398
1616329147.3287008;14.182085168869289
1616329147.4238572;11.052129221732725
1616329147.5190172;8.862701908957394
1616329147.6142516;6.329662261380301
1616329147.7093992;6.686490455212901
1616329147.8044834;7.345080763582945
1616329147.8996465;6.7701908957415355
1616329147.9948034;5.593979441997042
1616329148.0899754;2.003671071952989
1616329148.1851454;-0.002936857562429592
1616329148.2804399;-0.13950073421441198
1616329148.3755035;-2.1549192364170553
1616329148.4706707;-1.9412628487518568
1616329148.565862;-5.157121879588861
1616329148.661009;-6.113069016152738
1616329148.756254;-7.42804698972102
1616329148.8513591;-9.14610866372983
1616329148.9465446;-11.604258443465513
1616329149.0416765;-10.350954478707804
1616329149.1368656;-12.168135095447893
1616329149.232017;-13.958883994126307
1616329149.327188;-12.23201174743027
1616329149.4223297;-11.35315712187961
1616329149.5175426;-14.32452276064613
1616329149.6126688;-15.676945668135117
1616329149.7078426;-15.637298091042606
1616329149.8030257;-14.930249632892826
1616329149.8981917;-15.602055800293707
1616329149.9933326;-16.16372980910428
1616329150.0885339;-17.787077826725426
1616329150.18369;-18.811306901615293
1616329150.278863;-22.47870778267256
1616329150.37404;-20.54919236417036
1616329150.4692144;-14.892804698972121
1616329150.5643675;-18.954478707782695
1616329150.6595278;-22.108663729809127
1616329150.75469;-19.826725403817935
1616329150.849882;-18.271659324522783
1616329150.9450066;-19.833333333333353
1616329151.0401845;-18.70998531571221
1616329151.1353421;-21.76284875183556
1616329151.2305639;-21.747430249632913
1616329151.3256724;-21.33994126284877
1616329151.4209707;-23.998531571218816
1616329151.5160246;-22.998531571218816
1616329151.6111186;-22.412628487518376
1616329151.7063017;-21.218795888399434
1616329151.8014238;-20.96328928046992
1616329151.896626;-22.29588839941265
1616329151.9917457;-23.22760646108666
1616329152.086958;-24.397209985315733
1616329152.1820633;-24.60646108663732
1616329152.2772665;-26.236417033773883
1616329152.3723707;-25.641703377386218
1616329152.4675806;-25.25403817914833
1616329152.562665;-25.87738619676948
1616329152.6578524;-26.690161527165955
1616329152.752999;-26.619676945668157
1616329152.8481421;-27.051395007342165
1616329152.94331;-27.348751835536
1616329153.0384715;-28.930249632892828
1616329153.1336446;-30.776064610866396
1616329153.2288806;-33.77606461086639
1616329153.324037;-37.56020558002939
1616329153.41913;-36.33773861967697
1616329153.5142787;-34.18795888399415
1616329153.609427;-32.82452276064613
1616329153.7045717;-33.16593245227609
1616329153.7997534;-34.668135095447894
1616329153.8950002;-36.6372980910426
1616329153.9900534;-36.73201174743027
1616329154.085196;-37.96108663729811
1616329154.1803646;-41.069016152716614
1616329154.2755237;-41.4214390602056
1616329154.3706827;-42.04478707782675
1616329154.4658632;-44.34434654919239
1616329154.5610137;-43.580029368575644
1616329154.656189;-42.18575624082234
1616329154.7513168;-43.19456681350957
1616329154.8465056;-45.368575624082254
1616329154.9416397;-45.9566813509545
1616329155.036851;-46.93245227606463
1616329155.1319613;-50.30910425844349
1616329155.2271395;-50.32452276064613
1616329155.32228;-47.33553597650516
1616329155.417482;-47.489720998531595
1616329155.5126083;-47.423641703377406
1616329155.6077888;-48.2055800293686
1616329155.7029023;-53.44346549192366
1616329155.7980518;-55.19236417033776
1616329155.8932014;-53.412628487518376
1616329155.9883394;-54.28707782672542
1616329156.0834894;-54.98311306901618
1616329156.1786456;-51.65932452276067
1616329156.2738032;-51.15271659324525
1616329156.368958;-52.13289280469899
1616329156.4641058;-53.64390602055803
1616329156.5592692;-55.19456681350957
1616329156.6544397;-56.12187958883996
1616329156.7495859;-54.161527165932476
1616329156.8447385;-53.73201174743027
1616329156.9399066;-56.011747430249656
1616329157.035053;-55.802496328928065
1616329157.1292493;-54.650513950073446
1616329157.2253752;-53.06681350954481
1616329157.3204944;-55.9919236417034
1616329157.4156306;-58.39720998531573
1616329157.5107887;-57.89280469897212
1616329157.6059666;-57.87077826725406
1616329157.7010763;-57.64831130690164
1616329157.7962677;-57.3135095447871
1616329157.8913572;-54.44787077826727
1616329157.986542;-52.57562408223203
1616329158.0816684;-52.857562408223224
1616329158.1768627;-55.04698972099855
1616329158.2719805;-54.36637298091045
1616329158.3671713;-56.24963289280472
1616329158.4623046;-55.434654919236436
1616329158.5574846;-56.65932452276067
1616329158.6526175;-57.434654919236436
1616329158.7478275;-56.94346549192366
1616329158.843011;-56.018355359765074
1616329158.9381511;-54.97650513950076
1616329159.033228;-57.69236417033776
1616329159.128381;-59.102055800293705
1616329159.223509;-57.2782672540382
1616329159.3186612;-54.41042584434657
1616329159.4137917;-54.65491923641706
1616329159.5090578;-56.73641703377388
1616329159.6041048;-56.47209985315715
1616329159.6992826;-57.302496328928065
1616329159.794439;-55.646108663729834
1616329159.8896;-54.401615271659345
1616329159.9847791;-56.39500734214393
1616329160.0798962;-55.89500734214393
1616329160.1750433;-55.16372980910428
1616329160.270192;-56.65491923641706
1616329160.3653684;-56.857562408223224
1616329160.4605217;-56.79809104258445
1616329160.5556874;-58.650513950073446
1616329160.6508296;-57.93906020558005
1616329160.7462142;-57.769456681350974
1616329160.841131;-57.66593245227609
1616329160.9362943;-57.20337738619679
1616329161.03141;-57.64831130690164
1616329161.1266057;-58.98311306901618
1616329161.2217185;-58.34434654919239
1616329161.3169062;-57.75624082232014
1616329161.4120326;-58.21659324522763
1616329161.5072114;-57.93906020558005
1616329161.602349;-56.690161527165955
1616329161.697531;-56.39500734214393
1616329161.7926915;-56.5998531571219
1616329161.8878539;-56.624082232011766
1616329161.9829822;-60.39500734214393
1616329162.0781355;-59.168135095447894
1616329162.173307;-55.32011747430252
1616329162.2684472;-54.96549192364172
1616329162.3635943;-55.25844346549194
1616329162.4587302;-56.19676945668137
1616329162.553876;-57.85535976505142
1616329162.649034;-58.430249632892824
1616329162.7441761;-57.879588839941285
1616329162.8382957;-55.34654919236419
1616329162.9344587;-57.40602055800296
1616329163.0295875;-58.10646108663732
1616329163.1247396;-56.7782672540382
1616329163.2198884;-56.83553597650516
1616329163.3150501;-56.74522760646111
1616329163.4102113;-58.6703377386197
1616329163.5053587;-59.9566813509545
1616329163.6005268;-56.302496328928065
1616329163.6956685;-53.59765051395009
1616329163.7908523;-54.069016152716614
1616329163.886036;-56.87738619676948
1616329163.9811316;-59.75624082232014
1616329164.0763042;-58.350954478707806
1616329164.17141;-58.18135095447873
1616329164.266567;-57.45447870778269
1616329164.3616858;-56.890602055800315
1616329164.456932;-57.251835535976525
1616329164.5520225;-59.89500734214393
1616329164.6471362;-58.784875183553616
1616329164.7422247;-58.28928046989723
1616329164.8373883;-57.850954478707806
1616329164.9325364;-55.969897209985334
1616329165.0277138;-53.14390602055803
1616329165.122907;-53.62628487518357
1616329165.2179706;-57.43245227606463
1616329165.313109;-58.073421439060226
1616329165.408252;-57.71439060205582
1616329165.5034373;-56.496328928047014
1616329165.5985816;-56.39941262848754
1616329165.6937308;-54.11747430249635
1616329165.7888741;-53.762848751835556
1616329165.8840413;-57.87518355359767
1616329165.9791732;-57.29368575624084
1616329166.0743904;-56.70998531571221
1616329166.1694689;-55.65491923641706
1616329166.2646089;-55.29588839941265
1616329166.359762;-54.507342143906044
1616329166.4549093;-55.76505139500736
1616329166.55005;-59.011747430249656
1616329166.6452062;-56.56020558002939
1616329166.7403631;-57.058002936857584
1616329166.8355064;-59.1372980910426
1616329166.9306724;-56.50293685756243
1616329167.025864;-58.150513950073446
1616329167.1209795;-56.50513950073424
1616329167.2161658;-54.65271659324525
1616329167.311276;-57.828928046989745
1616329167.4064374;-56.75844346549194
1616329167.5015745;-55.262848751835556
1616329167.5967298;-54.97430249632895
1616329167.6918392;-57.350954478707806
1616329167.7870038;-58.08223201174745
1616329167.8821208;-58.69236417033776
1616329167.9772818;-59.646108663729834
1616329168.072403;-57.18795888399415
1616329168.1675465;-56.080029368575644
1616329168.2626393;-54.71659324522763
1616329168.3567364;-56.46549192364172
1616329168.4528878;-58.10866372980912
1616329168.5480082;-55.63289280469899
1616329168.6431317;-55.62628487518357
1616329168.7382705;-57.41042584434657
1616329168.833426;-58.35315712187961
1616329168.9285457;-55.401615271659345
1616329169.0236752;-54.78267254038181
1616329169.1188264;-53.080029368575644
1616329169.2139313;-52.77165932452278
1616329169.3090448;-55.73861967694569
1616329169.4041913;-57.37518355359767
1616329169.499332;-57.27165932452278
1616329169.594458;-56.06681350954481
1616329169.6896124;-57.773861967694586
1616329169.784742;-57.18135095447873
1616329169.8799088;-56.529368575624105
1616329169.9750502;-57.562408223201196
1616329170.070297;-56.24963289280472
1616329170.1653986;-55.941262848751855
1616329170.2604823;-57.229809104258464
1616329170.355618;-56.179148311306925
1616329170.450755;-58.930249632892824
1616329170.5459497;-56.83333333333336
1616329170.641154;-56.19897209985318
1616329170.7363055;-56.32011747430252
1616329170.8313148;-54.4588839941263
1616329170.926494;-55.82011747430252
1616329171.0215828;-56.57121879588842
1616329171.1167781;-58.130690161527184
1616329171.2118812;-58.058002936857584
1616329171.3070343;-57.17474302496331
1616329171.4021502;-57.43245227606463
1616329171.497303;-58.54919236417036
1616329171.5924249;-59.10425844346551
1616329171.6876044;-58.223201174743046
1616329171.7827199;-56.1703377386197
1616329171.8778903;-53.9566813509545
1616329171.9730287;-57.59324522760648
1616329172.0681815;-58.74522760646111
1616329172.1633377;-58.53597650513952
1616329172.2585042;-56.496328928047014
1616329172.3536181;-56.97650513950076
1616329172.4487727;-54.646108663729834
1616329172.5439095;-56.06681350954481
1616329172.639057;-56.650513950073446
1616329172.734182;-53.850954478707806
1616329172.8293157;-53.58663729809106
1616329172.9244592;-53.069016152716614
1616329173.0195866;-54.03597650513952
1616329173.1147423;-57.007342143906044
1616329173.209871;-57.02496328928049
1616329173.3050392;-58.61747430249635
1616329173.400157;-59.1372980910426
1616329173.4953148;-56.34434654919239
1616329173.5904617;-55.368575624082254
1616329173.6856084;-57.15491923641706
1616329173.7807503;-58.64170337738622
1616329173.8759642;-56.04698972099855
1616329173.9710424;-58.723201174743046
1616329174.0651438;-65.33773861967697
1616329174.1613;-66.83333333333336
1616329174.2564802;-65.32892804698974
1616329174.3515751;-63.469897209985334
1616329174.4467392;-62.639500734214415
1616329174.541833;-62.76725403817917
1616329174.6369932;-62.29588839941265
1616329174.7320893;-61.6703377386197
1616329174.8272734;-60.802496328928065
1616329174.92238;-60.49412628487521
1616329175.0175462;-60.434654919236436
1616329175.1126683;-59.14390602055803
1616329175.207823;-61.65932452276067
1616329175.3029342;-60.62187958883996
1616329175.3981087;-59.661527165932476
1616329175.4932377;-60.791483113069035
1616329175.5884106;-60.811306901615296
1616329175.6836116;-58.423641703377406
1616329175.7786694;-60.87518355359767
1616329175.8737898;-63.150513950073446
1616329175.968912;-60.624082232011766
1616329176.0640438;-59.61086637298093
1616329176.1591632;-59.47650513950076
1616329176.254401;-60.76725403817917
1616329176.349533;-60.430249632892824
1616329176.4446423;-58.98751835535979
1616329176.5397353;-58.441262848751855
1616329176.634872;-59.2430249632893
1616329176.7300189;-59.76505139500736
1616329176.8251653;-60.42804698972102
1616329176.9203217;-59.76505139500736
1616329177.0154753;-63.14170337738622
1616329177.1106033;-73.13950073421441
1616329177.205784;-95.14170337738622
1616329177.3009129;-131.76284875183555
1616329177.3961082;-180.37958883994128
1616329177.4911888;-225.54919236417035
1616329177.5863507;-235.66593245227608
1616329177.681472;-180.02055800293687
1616329177.7766242;-175.5624082232012
1616329177.871743;-188.76725403817917
1616329177.966913;-179.89500734214394
1616329178.062006;-153.4588839941263
1616329178.1571708;-140.78046989721
1616329178.2523015;-118.96989720998533
1616329178.3476152;-77.88399412628489
1616329178.442619;-62.42584434654921
1616329178.5377638;-59.86417033773864
1616329178.6328964;-61.78267254038181
1616329178.728043;-66.96769456681353
1616329178.8231792;-65.06901615271661
1616329178.9183557;-62.839941262848775
1616329179.0134745;-65.01395007342146
1616329179.1087246;-80.07562408223204
1616329179.2037556;-98.36417033773864
1616329179.298903;-86.07121879588843
1616329179.3940177;-67.08002936857565
1616329179.489181;-59.53817914831133
1616329179.5832217;-85.7408223201175
1616329179.6794;-122.96328928046992
1616329179.7745137;-127.02055800293688
1616329179.8696601;-125.69676945668137
1616329179.9648137;-123.78487518355362
1616329180.0599449;-123.01395007342146
1616329180.1550956;-122.21439060205581
1616329180.250229;-122.37298091042587
1616329180.3453696;-123.1703377386197
1616329180.4405212;-124.5624082232012
1616329180.5357423;-125.83773861967697
1616329180.6308167;-123.4919236417034
1616329180.725979;-126.6725403817915
1616329180.8210707;-126.24743024963291
1616329180.9162443;-127.12628487518357
1616329181.0113335;-128.36637298091046
1616329181.1064746;-124.8135095447871
1616329181.2015822;-122.01615271659327
1616329181.296833;-123.89500734214393
1616329181.3918421;-124.23421439060208
1616329181.486998;-125.50073421439062
1616329181.5821047;-126.15712187958886
1616329181.6774416;-126.23641703377389
1616329181.772365;-124.74963289280473
1616329181.8676486;-126.0998531571219
1616329181.9626467;-128.12408223201177
1616329182.0577939;-129.0293685756241
1616329182.152913;-128.33333333333334
1616329182.2480488;-128.93685756240825
1616329182.3432019;-127.13950073421441
1616329182.4383295;-128.35976505139502
1616329182.5334654;-126.57121879588843
1616329182.628605;-123.74743024963291
1616329182.7237394;-125.04698972099855
1616329182.8188503;-127.63950073421441
1616329182.9140172;-126.0624082232012
1616329183.0091224;-124.61086637298094
1616329183.104232;-123.68135095447873
1616329183.1993635;-123.37738619676948
1616329183.2945096;-124.29588839941265
1616329183.38966;-125.58443465491926
1616329183.4847972;-124.52496328928049
1616329183.5799353;-125.57121879588843
1616329183.67509;-126.50073421439062
1616329183.770224;-125.7430249632893
1616329183.8653653;-126.37958883994128
1616329183.9605062;-125.96108663729811
1616329184.0556395;-126.80910425844348
1616329184.1507688;-128.1747430249633
1616329184.245931;-126.9919236417034
1616329184.3410275;-125.01835535976507
1616329184.436216;-122.87298091042587
1616329184.5312853;-123.61086637298094
1616329184.626464;-124.78267254038181
1616329184.721556;-125.61747430249635
1616329184.8167086;-127.05139500734217
1616329184.9118094;-125.2760646108664
1616329185.006981;-126.32672540381793
1616329185.1021037;-125.25624082232014
1616329185.1972513;-123.26505139500736
1616329185.2913218;-121.59324522760649
1616329185.387498;-124.23421439060208
1616329185.4826086;-124.86196769456683
1616329185.5777717;-126.70558002936859
1616329185.672913;-125.13069016152718
1616329185.768043;-124.15932452276067
1616329185.8631585;-124.61527165932455
1616329185.9583406;-126.68795888399414
1616329186.053415;-125.8509544787078
1616329186.148542;-124.94566813509547
1616329186.2436786;-126.87518355359767
1616329186.3388085;-128.00073421439063
1616329186.433947;-126.52055800293688
1616329186.529077;-126.28928046989724
1616329186.624202;-125.2077826725404
1616329186.719352;-128.14831130690163
1616329186.8144872;-127.36857562408225
1616329186.9097085;-127.08443465491926
1616329187.0047495;-125.7782672540382
1616329187.099868;-127.41042584434658
1616329187.1949763;-128.9897209985316
1616329187.2901497;-128.92804698972103
1616329187.3852534;-126.96549192364172
1616329187.4804847;-125.88839941262852
1616329187.5755208;-124.8509544787078
1616329187.6706333;-124.78707782672542
1616329187.765778;-124.58002936857565
1616329187.8609068;-125.83553597650516
1616329187.9560473;-127.89500734214393
1616329188.0511355;-125.03817914831133
1616329188.1462991;-126.39060205580031
1616329188.2413945;-127.70337738619679
1616329188.3365645;-128.1042584434655
1616329188.4316711;-128.50513950073423
1616329188.5268216;-126.9566813509545
1616329188.621932;-127.51615271659327
1616329188.7170906;-127.3113069016153
1616329188.812215;-128.04258443465494
1616329188.9073787;-128.2826725403818
1616329189.0024872;-126.54478707782674
1616329189.097634;-126.69016152716596
1616329189.1927269;-127.57121879588843
1616329189.2878582;-126.70558002936859
1616329189.3829923;-125.82011747430252
1616329189.478126;-124.06020558002939
1616329189.5732367;-124.62848751835539
1616329189.6683524;-124.69236417033775
1616329189.7634735;-126.42584434654921
1616329189.858603;-126.79368575624085
1616329189.953751;-125.2430249632893
1616329190.0488682;-125.82232011747432
1616329190.1439989;-126.78707782672542
1616329190.239126;-124.16372980910428
1616329190.3342497;-125.18795888399414
1616329190.429408;-127.17694566813512
1616329190.5245256;-127.60866372980912
1616329190.6196508;-126.60205580029371
1616329190.714795;-127.93685756240825
1616329190.808884;-124.75844346549195
1616329190.905032;-124.35756240822322
1616329191.000143;-127.70558002936859
1616329191.0952573;-125.74743024963291
1616329191.190379;-124.89500734214393
1616329191.2854936;-125.132892804699
1616329191.3806207;-125.07342143906023
1616329191.4757757;-127.30910425844348
1616329191.5709562;-127.18575624082234
1616329191.6660237;-128.18575624082234
1616329191.7611215;-130.19676945668138
1616329191.856286;-127.55359765051396
1616329191.9513972;-125.45227606461088
1616329192.0465467;-124.12628487518357
1616329192.1416423;-125.3135095447871
1616329192.236821;-126.25624082232014
1616329192.331924;-124.8135095447871
1616329192.427094;-124.86417033773864
1616329192.5222602;-124.65712187958886
1616329192.6173258;-128.34434654919238
1616329192.7123885;-127.30910425844348
1616329192.8075314;-125.05139500734217
1616329192.9026127;-122.91483113069019
1616329192.9977887;-124.96549192364172
1616329193.092956;-125.3531571218796
1616329193.1879818;-125.3861967694567
1616329193.2831063;-126.01615271659327
1616329193.3782365;-123.62408223201177
1616329193.4733617;-123.89060205580031
1616329193.5684898;-126.3135095447871
1616329193.6636233;-129.36196769456683
1616329193.7587514;-127.89500734214393
1616329193.853886;-124.6747430249633
1616329193.9490178;-126.51835535976507
1616329194.0441885;-127.32892804698974
1616329194.13927;-126.91703377386199
1616329194.2343957;-125.83113069016154
1616329194.3295205;-124.52276064610868
1616329194.4246464;-125.03597650513952
1616329194.519765;-122.6725403817915
1616329194.614888;-123.13729809104261
1616329194.7100298;-125.76284875183556
1616329194.805131;-125.45888399412631
1616329194.9002552;-126.064610866373
1616329194.9953804;-126.24743024963291
1616329195.0905344;-128.02055800293687
1616329195.1856425;-126.63069016152718
1616329195.2807698;-126.74743024963291
1616329195.375942;-127.36417033773864
1616329195.4710302;-125.84214390602058
1616329195.5661855;-123.51174743024966
1616329195.661298;-125.33994126284877
1616329195.756462;-124.95007342143909
1616329195.8515494;-125.04478707782674
1616329195.9466925;-126.7408223201175
1616329196.041779;-126.73861967694569
1616329196.1369693;-129.05139500734217
1616329196.232029;-127.92804698972103
1616329196.327177;-124.496328928047
1616329196.4222677;-124.27386196769459
1616329196.5163653;-126.82232011747432
1616329196.612492;-126.11747430249635
1616329196.7076917;-126.21879588839943
1616329196.8027306;-127.89060205580031
1616329196.897844;-127.83553597650516
1616329196.992966;-129.2077826725404
1616329197.0881083;-127.00513950073423
1616329197.1832454;-126.48091042584437
1616329197.2783623;-127.51615271659327
1616329197.3734884;-126.81571218795891
1616329197.4686422;-125.00293685756243
1616329197.5637403;-124.56681350954482
1616329197.658856;-122.51395007342146
1616329197.7539647;-124.04919236417035
1616329197.8490853;-126.37958883994128
1616329197.944187;-125.82011747430252
1616329198.0393188;-124.22099853157124
1616329198.134519;-122.15932452276067
1616329198.2295678;-125.38179148311309
1616329198.3246534;-127.02276064610868
1616329198.419761;-127.04478707782674
1616329198.5148795;-126.10646108663732
1616329198.6099918;-127.9897209985316
1616329198.7052426;-127.66152716593247
1616329198.8002875;-126.9192364170338
1616329198.8953898;-127.02716593245229
1616329198.9904907;-127.5315712187959
1616329199.0856333;-126.9566813509545
1616329199.180865;-128.67694566813512
1616329199.2759225;-126.96328928046992
1616329199.370999;-124.3465491923642
1616329199.4661424;-124.13950073421441
1616329199.5612154;-125.28707782672542
1616329199.656369;-124.89720998531574
1616329199.751467;-126.77165932452279
1616329199.8465846;-126.44566813509547
1616329199.9416962;-124.07782672540384
1616329200.0368474;-127.52276064610868
1616329200.131928;-129.33994126284878
1616329200.2270787;-127.82011747430252
1616329200.322189;-126.62187958883996
1616329200.4173195;-125.60205580029371
1616329200.5124142;-126.37077826725405
1616329200.6075685;-128.2760646108664
1616329200.702664;-125.49853157121882
1616329200.7978752;-125.32452276064613
1616329200.8929148;-126.44566813509547
1616329200.9880328;-126.06901615271661
1616329201.0831296;-123.88839941262852
1616329201.178251;-124.92364170337741
1616329201.273362;-125.3135095447871
1616329201.3684886;-125.14390602055802
1616329201.4635875;-125.03597650513952
1616329201.5586972;-123.12848751835539
1616329201.6538372;-123.97650513950076
1616329201.748949;-126.04258443465494
1616329201.84408;-127.7782672540382
1616329201.9391885;-126.54698972099855
1616329202.0332778;-124.63069016152718
1616329202.1293924;-123.60205580029371
1616329202.2245092;-126.48091042584437
1616329202.3196263;-127.25183553597653
1616329202.4147727;-125.71439060205581
1616329202.5098894;-126.78487518355362
1616329202.604991;-126.45888399412631
1616329202.7001;-125.42584434654921
1616329202.795205;-124.05359765051396
1616329202.890322;-123.26945668135097
1616329202.9854298;-123.23421439060208
1616329203.080529;-124.12628487518357
1616329203.1756663;-123.09324522760649
1616329203.2707546;-123.04038179148313
1616329203.365906;-126.5998531571219
1616329203.4609993;-123.63950073421441
1616329203.5561295;-120.6725403817915
1616329203.651232;-124.68355359765053
1616329203.746467;-127.57782672540384
1616329203.8414702;-126.47650513950076
1616329203.9365842;-128.64831130690163
1616329204.0316606;-127.33773861967697
1616329204.126822;-126.60866372980912
1616329204.2218885;-127.6703377386197
1616329204.317131;-123.8465491923642
1616329204.4121125;-123.04698972099855
1616329204.507246;-126.05800293685759
1616329204.6023316;-127.01615271659327
1616329204.6974592;-127.27165932452279
1616329204.7925599;-125.92804698972103
1616329204.8876908;-127.93906020558005
1616329204.9827719;-125.87738619676948
1616329205.0779042;-124.79368575624085
1616329205.1730168;-125.98531571218798
1616329205.2681353;-126.84214390602058
1616329205.3632371;-128.07782672540384
1616329205.4583738;-128.9192364170338
1616329205.5534964;-130.19236417033775
1616329205.6486013;-128.51615271659327
1616329205.743716;-127.05139500734217
1616329205.8388581;-126.71879588839943
1616329205.9339592;-126.24963289280473
1616329206.0290604;-123.18795888399414
1616329206.1241827;-124.43465491923644
1616329206.2192762;-124.66593245227608
1616329206.3143947;-126.2430249632893
1616329206.409499;-126.1350954478708
1616329206.504613;-126.19897209985318
1616329206.599726;-126.90602055800296
1616329206.6948416;-126.60425844346551
1616329206.789932;-126.54258443465494
1616329206.8850493;-126.11527165932455
1616329206.9801562;-124.97870778267256
1616329207.075353;-124.02276064610868
1616329207.1704054;-125.49853157121882
1616329207.2655056;-125.66372980910428
1616329207.3606231;-125.60425844346551
1616329207.4557452;-126.8861967694567
1616329207.5508876;-127.70117474302498
1616329207.6449263;-128.68575624082234
1616329207.7410448;-127.13950073421441
1616329207.8361814;-127.25183553597653
1616329207.931243;-124.69897209985318
1616329208.0263796;-124.85756240822322
1616329208.1214542;-126.39500734214393
1616329208.2165701;-126.90822320117476
1616329208.311659;-131.68795888399416
1616329208.4068003;-131.51395007342146
1616329208.5018802;-130.21218795888402
1616329208.597051;-129.5293685756241
1616329208.6921217;-129.32011747430252
1616329208.7872524;-127.96108663729811
1616329208.8823485;-126.43906020558005
1616329208.9774828;-125.57562408223204
1616329209.072581;-127.10866372980912
1616329209.1677284;-124.82011747430252
1616329209.262806;-124.4214390602056
1616329209.3580186;-124.86857562408225
1616329209.4530153;-127.41703377386199
1616329209.5481079;-129.00293685756242
1616329209.6432004;-127.89500734214393
1616329209.7382789;-125.41483113069019
1616329209.8333745;-124.18795888399414
1616329209.9285755;-125.7760646108664
1616329210.0236175;-127.86196769456683
1616329210.1187081;-128.83333333333334
1616329210.2138112;-127.89941262848754
1616329210.3089275;-125.47209985315715
1616329210.4040444;-124.02276064610868
1616329210.4991395;-125.86196769456683
1616329210.594265;-127.71439060205581
1616329210.689395;-127.04478707782674
1616329210.784483;-127.0998531571219
1616329210.8796325;-126.98311306901617
1616329210.9747179;-126.02496328928049
1616329211.0698214;-125.39941262848754
1616329211.164927;-125.70558002936859
1616329211.260027;-127.4214390602056
1616329211.355128;-126.87738619676948
1616329211.4502277;-127.06020558002939
1616329211.5453417;-127.10646108663732
1616329211.6404448;-126.51395007342146
1616329211.7355707;-125.80910425844348
1616329211.8306575;-125.01395007342146
1616329211.92598;-125.29809104258446
1616329212.0208857;-125.1681350954479
1616329212.1160214;-125.44566813509547
1616329212.2110898;-125.22540381791485
1616329212.3062356;-126.18795888399414
1616329212.4013171;-127.38839941262852
1616329212.496449;-126.496328928047
1616329212.5915446;-126.46328928046992
1616329212.686671;-128.28928046989722
1616329212.78175;-125.0976505139501
1616329212.8769014;-123.60205580029371
1616329212.9719589;-124.05359765051396
1616329213.0670877;-125.2077826725404
1616329213.162148;-125.75624082232014
1616329213.2562282;-127.3509544787078
1616329213.352318;-128.87738619676946
1616329213.447459;-129.9610866372981
1616329213.5425282;-130.0558002936858
1616329213.6376646;-129.61306901615274
1616329213.7327425;-125.33113069016154
1616329213.8278642;-122.85756240822322
1616329213.9229608;-126.16152716593247
1616329214.0180597;-128.08223201174746
1616329214.1131713;-127.71879588839943
1616329214.2082949;-126.46769456681353
1616329214.303401;-128.33553597650516
1616329214.3984911;-127.85535976505142
1616329214.4936063;-126.34214390602058
1616329214.5886772;-127.01835535976507
1616329214.6837735;-127.7430249632893
1616329214.778865;-127.68575624082234
1616329214.8739889;-126.75844346549195
1616329214.9691565;-127.23641703377389
1616329215.0641816;-127.65932452276067
1616329215.1592472;-126.94126284875186
1616329215.2543252;-126.21218795888402
1616329215.3494308;-128.33773861967697
1616329215.4445133;-128.1042584434655
1616329215.5397468;-127.91703377386199
1616329215.634746;-128.72099853157124
1616329215.72985;-126.42584434654921
1616329215.82496;-126.53597650513952
1616329215.9200885;-127.63950073421441
1616329216.0151527;-127.83113069016154
1616329216.110232;-128.61306901615274
1616329216.205309;-127.4214390602056
1616329216.3003912;-127.28707782672542
1616329216.395472;-127.86637298091044
1616329216.490558;-125.96769456681353
1616329216.585643;-126.8465491923642
1616329216.680712;-126.65712187958886
1616329216.775895;-124.97650513950076
1616329216.8709023;-127.01615271659327
1616329216.966035;-128.8509544787078
1616329217.0610645;-127.44566813509547
1616329217.156199;-127.67694566813512
1616329217.2512465;-127.98531571218798
1616329217.3463595;-129.83333333333334
1616329217.4414213;-129.6703377386197
1616329217.5365515;-129.496328928047
1616329217.631621;-127.18135095447873
1616329217.7267268;-126.66372980910428
1616329217.821777;-127.15271659324524
1616329217.9169111;-126.9544787077827
1616329218.0119395;-126.40822320117476
1616329218.1070375;-125.93465491923644
1616329218.2020936;-126.80910425844348
1616329218.2972002;-125.9897209985316
1616329218.3922527;-127.36196769456683
1616329218.4873629;-130.91483113069017
1616329218.582429;-129.47650513950074
1616329218.6775458;-126.00513950073423
1616329218.7726004;-126.33553597650516
1616329218.8666608;-127.96328928046992
1616329218.9627395;-129.15932452276067
1616329219.057858;-128.8157121879589
1616329219.1529205;-126.55139500734217
1616329219.2480252;-126.72320117474305
1616329219.3431203;-129.74302496328932
1616329219.438209;-130.0976505139501
1616329219.5333195;-126.6703377386197
1616329219.6283922;-124.8531571218796
1616329219.7234955;-125.75403817914834
1616329219.8185728;-125.51835535976507
1616329219.913664;-126.5624082232012
1616329220.008778;-127.77165932452279
1616329220.103875;-126.68355359765053
1616329220.1989534;-127.77386196769459
1616329220.2940521;-128.79588839941266
1616329220.3891659;-127.80910425844348
1616329220.48426;-127.17914831130692
1616329220.5794458;-127.28267254038181
1616329220.6744628;-126.49853157121882
1616329220.7695405;-125.0976505139501
1616329220.8646238;-127.91042584434658
1616329220.959734;-130.5998531571219
1616329221.0548587;-129.52276064610868
1616329221.150011;-127.15932452276067
1616329221.245006;-126.77386196769459
1616329221.3400717;-126.56681350954482
1616329221.4351645;-127.30910425844348
1616329221.5302503;-128.17694566813512
1616329221.625355;-127.13950073421441
1616329221.720435;-126.36196769456683
1616329221.8155382;-126.54698972099855
1616329221.910624;-124.79368575624085
1616329222.0057538;-127.79148311306903
1616329222.1008408;-129.0315712187959
1616329222.1959794;-127.2782672540382
1616329222.2910185;-130.132892804699
1616329222.3861508;-126.92804698972103
1616329222.481208;-124.44566813509547
1616329222.5763307;-127.41483113069019
1616329222.671432;-127.57562408223204
1616329222.766532;-129.83994126284878
1616329222.861614;-127.92364170337741
1616329222.9567297;-126.564610866373
1616329223.0517771;-128.00073421439063
1616329223.147093;-129.33333333333334
1616329223.2419655;-127.58223201174745
1616329223.3370757;-125.63069016152718
1616329223.432131;-127.69236417033775
1616329223.527244;-127.54919236417035
1616329223.6223252;-124.61967694566816
1616329223.717449;-127.79368575624085
1616329223.8125086;-125.73641703377389
1616329223.9076307;-125.5624082232012
1616329224.002695;-127.08443465491926
1616329224.0978208;-125.12187958883996
1616329224.192917;-128.57342143906024
1616329224.288008;-128.83113069016156
1616329224.3830802;-128.4126284875184
1616329224.477133;-127.37518355359767
1616329224.573239;-128.43245227606462
1616329224.6683247;-131.9941262848752
1616329224.7633984;-130.0602055800294
1616329224.8584926;-127.15271659324524
1616329224.9535725;-128.76064610866376
1616329225.0486681;-130.77165932452277
1616329225.1437566;-128.29809104258445
1616329225.238862;-128.68575624082234
1616329225.3339229;-129.10646108663732
1616329225.42903;-126.90381791483115
1616329225.5241332;-127.83773861967697
1616329225.6192174;-126.58883994126288
1616329225.7143223;-125.52276064610868
1616329225.809394;-128.56461086637302
1616329225.904495;-128.19456681350957
1616329225.9995935;-126.09104258443467
1616329226.0947049;-127.17694566813512
1616329226.1898665;-125.3861967694567
1616329226.284884;-124.80029368575626
1616329226.3799238;-126.52716593245229
1616329226.4750106;-126.19236417033775
1616329226.570081;-127.28046989721001
1616329226.665162;-127.29588839941265
1616329226.7603686;-128.83773861967697
1616329226.8554132;-127.47209985315715
1616329226.95045;-125.67914831130692
1616329227.0455236;-126.88839941262852
1616329227.1406155;-129.34434654919238
1616329227.235705;-129.1350954478708
1616329227.33082;-130.06461086637302
1616329227.4259305;-129.19897209985317
1616329227.520991;-126.83553597650516
1616329227.616109;-124.67914831130692
1616329227.7111912;-124.66372980910428
1616329227.8062942;-126.10866372980912
1616329227.901347;-127.72099853157124
1616329227.996473;-130.0998531571219
1616329228.0915117;-128.46328928046992
1616329228.1866279;-128.86196769456683
1616329228.2816951;-129.67694566813512
1616329228.376819;-128.1747430249633
1616329228.471853;-126.33113069016154
1616329228.566975;-126.96108663729811
1616329228.6620378;-128.68355359765053
1616329228.7571595;-129.61967694566815
1616329228.852225;-131.17694566813512
1616329228.9473412;-130.02055800293687
1616329229.0424051;-128.4192364170338
1616329229.1375248;-126.43906020558005
1616329229.2325902;-127.03817914831133
1616329229.3277225;-127.7408223201175
1616329229.4228027;-128.54698972099854
1616329229.5179055;-128.6042584434655
1616329229.6129532;-129.28707782672544
1616329229.7080333;-129.0293685756241
1616329229.8031118;-129.7055800293686
1616329229.8981974;-126.44126284875186
1616329229.9932914;-124.37518355359767
1616329230.0873098;-125.82892804698974
1616329230.183425;-130.9941262848752
1616329230.278494;-132.1703377386197
1616329230.3736076;-127.80249632892807
1616329230.4687014;-128.28046989721
1616329230.5637805;-127.44566813509547
1616329230.6588752;-126.71879588839943
1616329230.7539508;-124.88179148311309
1616329230.8490512;-123.44126284875186
1616329230.9441314;-124.74963289280473
1616329231.0392373;-125.91483113069019
1616329231.134318;-126.79588839941265
1616329231.2293904;-128.8179148311307
1616329231.3244684;-129.85535976505142
1616329231.4195547;-126.95888399412631
1616329231.5146432;-125.92364170337741
1616329231.609707;-126.6725403817915
1616329231.7047808;-127.05139500734217
1616329231.7999513;-129.21439060205583
1616329231.895009;-129.46989720998533
1616329231.9899998;-129.5624082232012
1616329232.085069;-128.25183553597654
1616329232.1801476;-126.51835535976507
1616329232.275227;-128.18355359765053
1616329232.370434;-127.78487518355362
1616329232.465438;-129.30690161527167
1616329232.560509;-126.7760646108664
1616329232.6555893;-124.6725403817915
1616329232.7506964;-124.28267254038181
1616329232.8458073;-125.74743024963291
1616329232.9408321;-127.87738619676948
1616329233.0359635;-125.496328928047
1616329233.13098;-126.92804698972103
1616329233.2260833;-129.26284875183555
1616329233.321147;-128.36417033773864
1616329233.4162421;-125.69236417033775
1616329233.5112941;-123.1681350954479
1616329233.6064286;-124.87958883994128
1616329233.7014632;-125.34214390602058
1616329233.7965612;-125.996328928047
1616329233.8916388;-126.71659324522763
1616329233.9867296;-127.08002936857565
1616329234.081791;-126.41262848751838
1616329234.176907;-125.15932452276067
1616329234.2719512;-125.564610866373
1616329234.3670774;-126.32672540381793
1616329234.4621253;-125.88179148311309
1616329234.5572393;-127.94566813509547
1616329234.6522887;-127.39720998531574
1616329234.7473636;-124.43465491923644
1616329234.8424149;-125.5315712187959
1616329234.937516;-125.06020558002939
1616329235.0325603;-126.51174743024966
1616329235.1276739;-129.57342143906024
1616329235.2227118;-129.4126284875184
1616329235.3178294;-128.8465491923642
1616329235.412878;-128.2826725403818
1616329235.5079608;-128.66593245227608
1616329235.60305;-128.93245227606462
1616329235.6971068;-129.70117474302498
1616329235.7931783;-131.48531571218797
1616329235.8882585;-131.77165932452277
1616329235.983339;-129.36196769456683
1616329236.0784225;-125.39941262848754
1616329236.173498;-126.97870778267256
1616329236.2685788;-129.39720998531573
1616329236.3636363;-126.58663729809106
1616329236.458708;-126.81791483113071
1616329236.5537708;-127.67694566813512
1616329236.6488605;-128.5249632892805
1616329236.7439322;-131.5315712187959
1616329236.8389943;-129.64390602055803
1616329236.9340942;-129.39500734214394
1616329237.0291617;-127.15271659324524
1616329237.1242442;-126.26505139500736
1616329237.219318;-124.88179148311309
1616329237.3143966;-124.71879588839943
1616329237.409576;-126.83994126284877
1616329237.504555;-126.7408223201175
1616329237.5996017;-126.66152716593247
1616329237.6946533;-128.75624082232014
1616329237.789841;-130.71439060205583
1616329237.8848245;-129.6020558002937
1616329237.9799666;-129.00293685756242
1616329238.074962;-127.05580029368578
1616329238.1700306;-126.40381791483115
1616329238.2650833;-128.58883994126288
1616329238.360161;-128.87518355359768
1616329238.4552298;-126.78928046989724
1616329238.5503004;-126.064610866373
1616329238.6453793;-127.07562408223204
1616329238.7404766;-126.70337738619679
1616329238.8355567;-127.71879588839943
1616329238.930627;-128.0624082232012
1616329239.0256987;-127.53817914831133
1616329239.120773;-127.4192364170338
1616329239.215887;-125.47209985315715
1616329239.3109324;-124.25183553597653
1616329239.4060662;-126.7760646108664
1616329239.5011027;-126.08663729809106
1616329239.5961947;-129.6042584434655
1616329239.691225;-130.07562408223203
1616329239.7865293;-128.57782672540384
1616329239.8813908;-126.77165932452279
1616329239.9764962;-128.26064610866376
1616329240.0715036;-128.2077826725404
1616329240.1666121;-128.2386196769457
1616329240.2616417;-128.36196769456683
1616329240.3567603;-126.89720998531574
1616329240.4517972;-127.62187958883996
1616329240.5469136;-127.8509544787078
1616329240.6419606;-129.6042584434655
1616329240.7370586;-129.95227606461088
1616329240.8321326;-127.59544787077829
1616329240.927224;-130.29588839941266
1616329241.0222886;-129.04038179148313
1616329241.1173952;-127.6703377386197
1616329241.2124372;-128.69897209985317
1616329241.3064795;-128.30029368575626
1616329241.4025555;-128.90602055800295
1616329241.497624;-132.2738619676946
1616329241.5926638;-129.94566813509547
1616329241.6877515;-128.15712187958886
1616329241.782797;-129.3509544787078
1616329241.877878;-129.43906020558006
1616329241.9729393;-128.87298091042587
1616329242.0680115;-127.64170337738622
1616329242.1638777;-127.58443465491926
1616329242.2584457;-129.58883994126288
1616329242.3533292;-130.47430249632896
1616329242.4484618;-129.0624082232012
1616329242.5434365;-130.9941262848752
1616329242.638547;-129.41483113069017
1616329242.7336462;-128.0315712187959
1616329242.8287194;-127.78928046989724
1616329242.9236937;-127.69897209985318
1616329243.0187805;-126.72980910425846
1616329243.113782;-129.48751835535978
1616329243.2088218;-131.2826725403818
1616329243.3038757;-130.96328928046992
1616329243.3989441;-130.34434654919238
1616329243.4939852;-129.30029368575626
1616329243.589165;-127.86417033773864
1616329243.684145;-128.8531571218796
1616329243.7792125;-129.18795888399416
1616329243.8742955;-130.90602055800295
1616329243.969392;-129.76284875183555
1616329244.0644467;-126.9897209985316
1616329244.1595314;-128.632892804699
1616329244.254588;-125.86417033773864
1616329244.3496811;-128.14831130690163
1616329244.4447713;-130.80249632892807
1616329244.5398421;-128.87958883994128
1616329244.6349146;-128.22760646108665
1616329244.7299833;-127.79809104258446
1616329244.82506;-127.98311306901617
1616329244.920127;-128.417033773862
1616329245.0152166;-130.74302496328932
1616329245.1102755;-129.36196769456683
1616329245.2053204;-125.4544787077827
1616329245.3004034;-126.74522760646111
1616329245.3954704;-128.5998531571219
1616329245.490536;-128.36637298091046
1616329245.5856097;-130.79368575624085
1616329245.6806953;-132.68795888399416
1616329245.7757993;-130.11086637298092
1616329245.8708532;-129.48091042584437
1616329245.9659724;-128.64831130690163
1616329246.0610023;-127.43465491923644
1616329246.156122;-127.35535976505142
1616329246.2511358;-128.93024963289284
1616329246.3462322;-131.12187958883996
1616329246.4412596;-132.71218795888402
1616329246.5363622;-132.82011747430252
1616329246.6313837;-130.86417033773864
1616329246.7265458;-128.60646108663732
1616329246.8215172;-130.29809104258445
1616329246.9155486;-131.55800293685758
1616329247.011673;-132.12848751835537
1616329247.1067324;-133.2099853157122
1616329247.2017539;-132.69676945668138
1616329247.2968566;-130.64831130690163
1616329247.3918822;-130.6725403817915
1616329247.4869797;-130.58663729809106
1616329247.5820167;-130.28487518355362
1616329247.6771233;-131.9544787077827
1616329247.77216;-130.5910425844347
1616329247.8672674;-130.57782672540384
1616329247.962303;-130.7055800293686
1616329248.0573719;-132.34214390602057
1616329248.1524487;-131.03597650513953
1616329248.2475145;-131.2165932452276
1616329248.342535;-131.4588839941263
1616329248.437608;-130.7386196769457
1616329248.5326562;-135.46769456681352
1616329248.6278276;-133.8113069016153
1616329248.7227867;-130.60646108663732
1616329248.8178349;-132.9919236417034
1616329248.9128864;-133.5976505139501
1616329249.0079439;-133.64610866372982
1616329249.1030183;-131.2738619676946
1616329249.1982012;-132.76505139500736
1616329249.2931707;-131.25403817914832
1616329249.3882256;-130.90822320117476
1616329249.483315;-130.2738619676946
1616329249.5783622;-129.65051395007345
1616329249.6734238;-124.632892804699
1616329249.768491;-103.96549192364172
1616329249.8635712;-30.487518355359786
1616329249.9586253;24.44640234948603
1616329250.0536752;34.31424375917766
1616329250.148743;24.30763582966224
1616329250.243813;22.785609397944178
1616329250.3388667;25.42217327459616
1616329250.433946;14.770190895741536
1616329250.5290096;14.994860499265764
1616329250.6240761;14.093979441997043
1616329250.7191439;7.221732745961799
1616329250.814214;7.527900146842857
1616329250.9092872;8.640234948604972
1616329251.0043468;14.505873715124794
1616329251.0994256;19.556534508076336
1616329251.1945271;14.402349486049905
1616329251.2895858;8.012481644640214
1616329251.3846297;7.574155653450786
1616329251.4796748;12.455212922173253
1616329251.5747406;17.975036710719507
1616329251.6697989;27.124816446402328
1616329251.764872;41.73494860499264
1616329251.859933;53.45080763582964
1616329251.9549665;47.95080763582964
1616329252.0500512;24.27900146842876
1616329252.1451046;16.395741556534485
1616329252.24018;24.635829662261358
1616329252.3352592;29.935389133626998
1616329252.4303129;14.816446402349465
1616329252.5243232;16.19309838472832
1616329252.620422;13.627019089574134
1616329252.7154706;5.0895741556534295
1616329252.8105388;8.10058737151246
1616329252.9056349;12.093979441997043
1616329253.0006776;9.076358296622592
1616329253.095774;10.386930983847263
1616329253.1907995;16.144640234948582
1616329253.2859292;21.783406754772372
1616329253.3809302;-27.271659324522783
1616329253.4760187;-103.33773861967697
1616329253.5710278;-83.7099853157122
1616329253.6661325;-10.271659324522782
1616329253.7611527;18.66446402349484
1616329253.8562698;3.4970631424375704
1616329253.951294;-67.82452276064613
1616329254.0463822;-60.769456681350974
1616329254.1414278;0.01908957415563208
1616329254.2366123;34.375917767988234
1616329254.3315463;57.380323054331846
1616329254.4266422;18.66005873715123
1616329254.5216615;-39.646108663729834
1616329254.6167455;16.717327459618186
1616329254.71177;58.49486049926576
1616329254.8069398;33.26578560939792
1616329254.9018838;13.97503671071951
1616329254.9969413;8.386930983847263
1616329255.0919783;11.435389133626998
1616329255.187076;15.809838472834047
1616329255.2820873;32.919970631424356
1616329255.3771982;48.87151248164462
1616329255.4722168;56.45521292217325
1616329255.5673146;68.54992657856091
1616329255.6623347;69.91997063142435
1616329255.7574205;34.82305433186488
1616329255.8524811;18.653450807635807
1616329255.9475684;32.737151248164444
1616329256.0425923;36.12481644640233
1616329256.1376832;38.13362701908955
1616329256.2327344;43.51688693098382
1616329256.3278146;54.292217327459596
1616329256.422844;120.34508076358294
1616329256.5179381;175.51688693098382
1616329256.6129622;192.78120411160057
1616329256.7080107;192.88693098384726
1616329256.8030708;136.4706314243759
1616329256.898123;81.7591776798825
1616329256.9931617;126.3274596182085
1616329257.0882823;161.75697503671068
1616329257.1833029;239.2261380323054
1616329257.2783496;363.64684287812037
1616329257.3734162;424.9155653450807
1616329257.468487;327.91997063142435
1616329257.563553;291.1138032305433
1616329257.6586163;239.52790014684285
1616329257.753658;215.2922173274596
1616329257.8487265;292.1886930983847
1616329257.9437928;296.367107195301
1616329258.0388443;155.9684287812041
1616329258.1330745;190.06534508076356
1616329258.227854;302.81424375917766
1616329258.3239698;300.33627019089573
1616329258.4190102;296.05433186490455
1616329258.5140898;298.25256975036706
1616329258.609129;215.54772393538912
1616329258.7041745;253.19750367107193
1616329258.7992225;297.16886930983844
1616329258.8942902;215.9023494860499
1616329258.9893422;144.47944199706313
1616329259.0844011;275.5785609397944
1616329259.1794744;416.9375917767988
1616329259.274512;464.1644640234948
1616329259.3695898;337.44860499265786
1616329259.464661;183.45521292217325
1616329259.559745;-10.176945668135117
1616329259.6547806;-145.99853157121882
1616329259.7498214;-159.1703377386197
1616329259.844966;-147.6042584434655
1616329259.939923;-190.52276064610868
1616329260.0349507;-149.4588839941263
1616329260.1299958;-29.073421439060226
1616329260.2250392;108.28781204111598
1616329260.3200636;251.30543318649043
1616329260.4152343;454.3649045521292
1616329260.5101988;463.7966226138032
1616329260.6052656;365.45741556534506
1616329260.7003016;166.16005873715122
1616329260.7953544;41.21732745961819
1616329260.8904278;89.88032305433184
1616329260.9854841;217.7239353891336
1616329261.0805378;325.37371512481644
1616329261.175602;449.7481644640235
1616329261.27068;625.3274596182084
1616329261.3657408;806.7723935389133
1616329261.4607584;1047.651248164464
1616329261.5558395;1140.4838472834067
1616329261.6508708;1055.5080763582966
1616329261.7459326;949.7635829662261
1616329261.8409674;535.1776798825257
1616329261.9360318;119.63803230543317
1616329262.0310633;19.82525697503669
1616329262.1261287;14.620411160058715
1616329262.2211337;2.0499265785609184
1616329262.3162339;-40.613069016152735
1616329262.411255;-62.09765051395009
1616329262.506346;-11.033773861967717
1616329262.601364;9.065345080763562
1616329262.6964688;5.869309838472812
1616329262.7914772;8.941997063142416
1616329262.886586;7.248164464023474
1616329262.9816136;8.395741556534487
1616329263.0766685;7.521292217327439
1616329263.1716728;7.512481644640213
1616329263.266745;9.644640234948584
1616329263.3617625;8.70411160058735
1616329263.4568443;7.8759177679882315
1616329263.551861;6.891336270190874
1616329263.6469417;7.023494860499245
1616329263.740865;9.992657856093958
1616329263.8370225;7.395741556534487
1616329263.9320226;6.237151248164443
1616329264.0271;7.025697503671051
1616329264.1221285;7.272393538913342
