1616850498.3897216;-0.3984336759666871
1616850498.4847836;-0.4865394028389338
1616850498.5798993;-0.3125305922662466
1616850498.6750324;-0.2684777288301232
1616850498.7701778;-0.2618697993147047
1616850498.8652966;-0.5504160548213127
1616850498.9604206;-0.5504160548213127
1616850499.0555515;-0.4138521781693303
1616850499.1506746;-0.7376407244248369
1616850499.2458022;-0.43147332354377965
1616850499.340929;0.02227116984829085
1616850499.4360664;-0.2508565834556739
1616850499.5311992;-0.9579050416054536
1616850499.6263418;-0.7860988742045726
1616850499.7214787;-0.5261869799314448
1616850499.816617;-0.3191385217816651
1616850499.9117985;-0.14512971120897789
1616850500.0068865;-0.1098874204600792
1616850500.102038;-0.08125305922659902
1616850500.1971831;-0.2178169358785814
1616850500.292335;-0.3896231032794625
1616850500.387483;-0.3521781693587576
1616850500.4826515;-0.1429270680371717
1616850500.577783;-0.2552618697992862
1616850500.6729257;-0.3455702398433391
1616850500.768077;-0.2442486539402554
1616850500.8632174;-0.23984336759664307
1616850500.9583688;-0.2376407244248369
1616850501.053606;-0.07244248653937435
1616850501.1490312;0.0861478218306697
1616850501.2441397;-0.10327949094466068
1616850501.3392982;-0.32794909446888976
1616850501.4344583;-0.2662750856583171
1616850501.529631;-0.30372001957902195
1616850501.6268516;-0.2860988742045726
1616850501.7220213;-0.4997552618697708
1616850501.8171167;-0.42486539402836115
1616850501.912322;-0.2794909446891541
1616850502.007473;-0.6803720019578765
1616850502.1026394;-0.6605482134116211
1616850502.1977382;-0.1495349975525902
1616850502.292917;0.05971610376899569
1616850502.3880074;0.3350465002447666
1616850502.483101;-0.01957905041602633
1616850502.5784104;0.01566324033287235
1616850502.6734989;0.3482623592756036
1616850502.768612;-0.12750856583452852
1616850502.863777;-0.1429270680371717
1616850502.9589682;0.14341654429763007
1616850503.0541174;0.12799804209498689
1616850503.149272;-0.04821341164950651
1616850503.2444408;-0.12090063631911004
1616850503.3394718;0.07072931962802653
1616850503.434754;0.24473813020071375
1616850503.5301168;0.08835046500247587
1616850503.625097;-0.041605482134088004
1616850503.720242;-0.10107684777285453
1616850503.815455;-0.01076847772880166
1616850503.9105937;0.053108174253577195
1616850504.0057712;0.09495839451789438
1616850504.100819;0.01566324033287235
1616850504.1961133;-0.14072442486536554
1616850504.2913043;-0.03720019579047567
1616850504.385306;0.017865883504678517
1616850504.4804275;-0.08345570239840519
1616850504.5755525;-0.13852178169355936
1616850504.6707687;-0.05261869799311884
1616850504.7659023;-0.04821341164950651
1616850504.8610446;-0.11869799314730387
1616850504.9562013;-0.1098874204600792
1616850505.0513453;-0.34336759667153294
1616850505.1464953;-0.44909446891822896
1616850505.2416067;-0.15173764072439638
1616850505.336753;-0.09446891825743602
1616850505.4319577;0.03768967205093402
1616850505.5270956;0.13901125795401773
1616850505.6222527;-0.001957905041576991
1616850505.7173693;-0.11869799314730387
1616850505.812542;-0.3059226627508281
1616850505.9076636;-0.2905041605481849
1616850506.0027487;-0.2772883015173479
1616850506.097895;-0.2838962310327664
1616850506.1931064;-0.4006363191384933
1616850506.2882338;-0.48433675966712764
1616850506.383371;-0.3852178169358501
1616850506.4785285;-0.36979931473320693
1616850506.573689;-0.33015173764069594
1616850506.6688843;-0.2618697993147047
1616850506.765081;-0.30812530592263426
1616850506.8602233;-0.3653940283895946
1616850506.9553914;-0.3257464512970836
1616850507.0505412;-0.24204601076844923
1616850507.1457264;-0.05482134116492501
1616850507.2409978;-0.028389623103251
1616850507.3360848;-0.09226627508562986
1616850507.4312713;0.00024473813022917655
1616850507.5263016;-0.10327949094466068
1616850507.6216016;-0.28830151737637877
1616850508.0449955;-0.31473323543805276
1616850508.140209;-0.2662750856583171
1616850508.235264;-0.18257464512968272
1616850508.330539;-0.2574645129710924
1616850508.4256864;-0.20680372001955055
1616850508.5208933;-0.04821341164950651
1616850508.6160066;0.020068526676484684
1616850508.7110534;-0.14512971120897789
1616850508.8064973;-0.23323543808122457
1616850508.901473;-0.2574645129710924
1616850508.9966009;-0.12310327949091619
1616850509.0917912;-0.07905041605479285
1616850509.1869545;-0.1495349975525902
1616850509.2821023;-0.18477728830148887
1616850509.3772438;-0.2838962310327664
1616850509.4724264;-0.3059226627508281
1616850509.5675664;-0.3808125305922378
1616850509.6627533;-0.45129711209003515
1616850509.757888;-0.35438081253056375
1616850509.8530867;-0.2860988742045726
1616850509.9482088;-0.28830151737637877
1616850510.042342;-0.35658345570236993
1616850510.1374872;-0.2508565834556739
1616850510.232651;-0.12750856583452852
1616850510.3277714;-0.2772883015173479
1616850510.4229298;-0.33015173764069594
1616850510.51808;-0.1913852178169074
1616850510.613225;-0.030592266275057168
1616850510.7083502;0.13901125795401773
1616850510.8035026;0.15222711698485472
1616850510.8986506;0.2425354870289076
1616850510.9937756;0.24694077337251993
1616850511.0889146;-0.14072442486536554
1616850511.1840656;-0.4116495349975241
1616850511.279186;-0.3852178169358501
1616850511.374308;-0.46010768477725983
1616850511.4694567;-0.4733235438080968
1616850511.5645983;-0.35438081253056375
1616850511.659755;-0.30812530592263426
1616850511.7548804;-0.31693587860985895
1616850511.850027;-0.31693587860985895
1616850511.9451687;-0.396231032794881
1616850512.0403013;-0.409446891825718
1616850512.135436;-0.3830151737640439
1616850512.2306101;-0.35438081253056375
1616850512.3257902;-0.3125305922662466
1616850512.4219463;-0.2640724424865109
1616850512.5170527;-0.2552618697992862
1616850512.6122205;-0.2508565834556739
1616850512.70738;-0.24645129711206157
1616850512.8025365;-0.2596671561428986
1616850512.8977854;-0.22883015173761223
1616850512.9928756;-0.21561429270677523
1616850513.0879865;-0.3191385217816651
1616850513.1832194;-0.2706803720019294
1616850513.2783017;-0.2552618697992862
1616850513.3734834;-0.30151737640721576
1616850513.4686162;-0.2971120900636034
1616850513.5637524;-0.2112090063631629
1616850513.6588666;-0.2112090063631629
1616850513.754037;-0.2838962310327664
1616850513.8491395;-0.2838962310327664
1616850513.9443042;-0.2706803720019294
1616850514.0394351;-0.22662750856580607
1616850514.134569;-0.2684777288301232
1616850514.2296672;-0.2684777288301232
1616850514.3247695;-0.20900636319135674
1616850514.4198933;-0.2112090063631629
1616850514.515048;-0.23984336759664307
1616850514.6101737;-0.3808125305922378
1616850514.705319;-0.42927068037197347
1616850514.8005295;-0.3257464512970836
1616850514.8956506;-0.36319138521778843
1616850514.9907825;-0.3830151737640439
1616850515.0859191;-0.3742046010768193
1616850515.1811051;-0.4204601076847488
1616850515.27625;-0.2706803720019294
1616850515.371399;-0.2640724424865109
1616850515.4665616;-0.32134116495347126
1616850515.5617652;-0.3720019579050131
1616850515.6559067;-0.33455702398430825
1616850515.7510571;-0.23543808125303073
1616850515.8461988;-0.17816935878607038
1616850515.9413145;-0.1957905041605197
1616850516.0364404;-0.1297112090063347
1616850516.1316059;-0.03940283896228184
1616850516.226704;-0.001957905041576991
1616850516.3218567;-0.030592266275057168
1616850516.4169579;-0.21561429270677523
1616850516.512113;-0.2662750856583171
1616850516.60723;-0.32794909446888976
1616850516.7023897;-0.2706803720019294
1616850516.797511;-0.23543808125303073
1616850516.8927166;-0.2178169358785814
1616850516.9878356;-0.24865394028386775
1616850517.0829847;-0.28169358786096027
1616850517.1781092;-0.3455702398433391
1616850517.2732706;-0.3389623103279206
1616850517.3683984;-0.3609887420459823
1616850517.4635372;-0.32794909446888976
1616850517.5586197;-0.41825746451294266
1616850517.653748;-0.4821341164953215
1616850517.748885;-0.4204601076847488
1616850517.8441234;-0.2640724424865109
1616850517.9402773;652.3989231522271
1616850518.3633847;6.967205090553136
1616850518.4587002;3.6235927557513747
1616850518.553743;3.918746940773401
1616850518.6488957;1.5883504650024758
1616850518.7439463;2.2843857072932248
1616850518.8392417;3.207293196280009
1616850518.9344249;2.5993636808615066
1616850519.0296428;3.1390112579540177
1616850519.1247585;5.394517865883533
1616850519.219793;3.923152227117013
1616850519.3149076;3.418746940773401
1616850519.4100492;5.887909936368114
1616850519.5052192;4.819627998042123
1616850519.6003797;5.050905531081771
1616850519.6955564;4.533284385707321
1616850519.7907233;4.253548702887938
1616850519.8859038;3.8989231522271455
1616850519.9810612;3.2293196279980707
1616850520.0762124;5.782183064121418
1616850520.1713881;7.550905531081771
1616850520.2665493;6.504650024473841
1616850520.3617425;5.35046500244741
1616850520.456875;6.183064121390141
1616850520.5520496;6.846059716103797
1616850520.6472113;5.359275575134634
1616850520.742395;3.4936368086148106
1616850520.837509;4.06852667645622
1616850520.9326847;6.227116984826265
1616850521.0278313;4.183064121390141
1616850521.1230137;3.905531081742564
1616850521.2181628;5.022271169848291
1616850521.312272;2.7006852667645904
1616850521.4073746;4.194077337249172
1616850521.5025835;2.8879099363681147
1616850521.597645;0.8152227116985111
1616850521.692774;3.7667645619187753
1616850521.7879038;2.8548702887910222
1616850521.8830462;3.863680861478247
1616850521.978179;2.224914341654458
1616850522.0733173;1.7887909936368371
1616850522.1684434;2.71830641213904
1616850522.2636049;6.0442976015663525
1616850522.3587313;3.929760156632432
1616850522.4539373;3.1500244738130485
1616850522.549048;3.5002447381302293
1616850522.6441624;3.009055310817454
1616850522.7392418;3.566324033284414
1616850522.8343694;1.8328438570729604
1616850522.9295628;2.826235927557542
1616850523.024669;4.03989231522274
1616850523.1198015;4.603768967205119
1616850523.21493;4.5751346059716385
1616850523.3101494;4.434165442976044
1616850523.4051678;3.810817425354899
1616850523.5003922;3.2425354870289076
1616850523.5965755;3.7447381302007137
1616850523.6917639;2.5420949583945465
1616850523.7867582;2.8746940773372778
1616850523.882042;5.233724914341683
1616850523.977163;4.934165442976044
1616850524.0724928;4.555310817425384
1616850524.167509;4.24694077337252
1616850524.2627215;6.824033284385735
1616850524.3577476;7.30420949583948
1616850524.4529529;4.627998042094987
1616850524.548044;5.376896720509084
1616850524.6432228;6.931962799804238
1616850524.7383225;7.958394517865912
1616850524.833412;7.147821830641242
1616850524.9286602;9.579539892315251
1616850525.3520713;-0.2596671561428986
1616850525.4472876;-0.31032794909444045
1616850525.542367;-0.22662750856580607
1616850525.6374853;0.11257953989234372
1616850525.7327065;0.18306412139014108
1616850525.8276925;0.0729319627998327
1616850525.9229825;-0.004160548213383158
1616850526.0182996;-0.07905041605479285
1616850526.1132865;-0.16715614292703954
1616850526.2083929;-0.14733235438078404
1616850526.3036141;-0.1979931473323259
1616850526.398722;-0.17816935878607038
1616850526.4938612;-0.10768477728827303
1616850526.588982;-0.11869799314730387
1616850526.6841366;-0.17156142927065188
1616850526.7792923;-0.13852178169355936
1616850526.8732624;-0.05702398433673118
1616850526.9684594;-0.08565834557021135
1616850527.0635877;-0.023984336759638666
1616850527.1587293;0.02227116984829085
1616850527.2538643;-0.11869799314730387
1616850527.348956;-0.11429270680369152
1616850527.4440832;-0.0349975526186695
1616850527.5392594;-0.09006363191382369
1616850527.6343362;-0.16275085658342722
1616850527.729448;-0.1297112090063347
1616850527.8245704;-0.13191385217814086
1616850527.9196873;-0.1164953499754977
1616850528.0148263;-0.041605482134088004
1616850528.1099377;-0.05922662750853734
1616850528.2050683;-0.09446891825743602
1616850528.3002007;-0.05041605482131267
1616850528.3953416;-0.028389623103251
1616850528.4904673;-0.18918257464510121
1616850528.5855901;-0.18257464512968272
1616850528.680724;-0.07244248653937435
1616850528.7758567;0.044297601566352526
1616850528.870999;0.13460597161040538
1616850528.9661195;0.2689672050905816
1616850529.0613089;0.24694077337251993
1616850529.157509;0.02447381302009702
1616850529.2526143;-0.06142927068034351
1616850529.347715;-0.07905041605479285
1616850529.4428854;-0.028389623103251
1616850529.538018;-0.09446891825743602
1616850529.6331828;-0.18918257464510121
1616850529.7283719;-0.11209006363188537
1616850529.8234358;-0.10327949094466068
1616850529.9185636;-0.08125305922659902
1616850530.0137475;-0.0063631913851893256
1616850530.108874;-0.12750856583452852
1616850530.2040262;-0.1495349975525902
1616850530.299179;-0.12530592266272236
1616850530.3943152;-0.1297112090063347
1616850530.4894786;-0.12310327949091619
1616850530.584638;-0.05702398433673118
1616850530.6797998;-0.06583455702395584
1616850530.7750056;-0.10107684777285453
1616850530.870097;-0.03720019579047567
1616850530.965195;0.00024473813022917655
1616850531.0603294;0.11257953989234372
1616850531.1554759;0.16984826235930406
1616850531.2506192;0.15222711698485472
1616850531.3457556;0.18306412139014108
1616850531.4409287;0.09275575134608821
1616850531.536048;0.0795398923152512
1616850531.6312115;0.20949583945181507
1616850531.726348;0.26456191874696927
1616850531.8215072;0.1940773372491719
1616850531.9166503;0.006852667645647678
1616850532.0118465;-0.06803720019576201
1616850532.106957;-0.07023984336756818
1616850532.2021434;-0.001957905041576991
1616850532.2972598;0.13240332843859923
1616850532.3924572;0.2755751346060001
1616850532.4865422;0.21390112579542742
1616850532.5817077;0.1874694077337534
1616850532.6768034;0.2293196279980706
1616850532.771939;0.2271169848262644
1616850532.867059;0.15663240332846706
1616850532.962188;0.18526676456194724
1616850533.057288;0.2887909936368371
1616850533.1524265;0.40773372491437015
1616850533.2476075;0.3416544297601851
1616850533.3427324;0.3724914341654715
1616850533.4378488;0.2821830641214186
1616850533.5329874;0.19187469407736574
1616850533.6280663;0.15883504650027322
1616850533.7231948;0.01346059716106618
1616850533.8183703;-0.015173764072413996
1616850533.9134893;0.21390112579542742
1616850534.008627;0.17205090553111024
1616850534.1037776;-0.16715614292703954
1616850534.1988897;-0.30151737640721576
1616850534.2939522;-0.3389623103279206
1616850534.3890772;-0.09446891825743602
1616850534.4842632;-0.16054821341162104
1616850534.5793755;-0.1363191385217532
1616850534.674526;-0.012971120900607827
1616850534.769621;-0.16495349975523338
1616850534.865798;-0.3059226627508281
1616850534.9609315;-0.18697993147329506
1616850535.0559711;-0.17376407244245806
1616850535.1512074;-0.17376407244245806
1616850535.2463124;0.12139011257956839
1616850535.3416212;0.3592755751346345
1616850535.4366496;0.27337249143419395
1616850535.5318022;0.20288790993639658
1616850535.6268702;0.31962799804212344
1616850535.7220302;0.392315222711727
1616850535.817129;0.07513460597163887
1616850535.9123173;-0.015173764072413996
1616850536.007436;0.30641213901128644
1616850536.1026204;0.7315222711698768
1616850536.1977026;0.524473813020097
1616850536.2928822;-0.07905041605479285
1616850536.3879952;-0.1429270680371717
1616850536.4831972;-0.2508565834556739
1616850536.578252;-0.5394028389622818
1616850536.6734242;-0.46231032794906596
1616850536.7685223;-0.6032794909446607
1616850536.8636858;-0.9821341164953215
1616850536.9588196;-1.0922662750856298
1616850537.0539515;-0.7816935878609602
1616850537.1490858;-0.6671561429270395
1616850537.2442527;-0.6032794909446607
1616850537.3393624;-0.48874204601074
1616850537.4345326;-0.23323543808122457
1616850537.5296743;0.026676456191903185
1616850537.6248374;0.44738130200688114
1616850537.7199564;0.5729319627998327
1616850537.8150895;0.44077337249146264
1616850537.9102342;0.13901125795401773
1616850538.0053759;0.1874694077337534
1616850538.0994527;0.5332843857073217
1616850538.1945748;0.4627998042095243
1616850538.289707;0.2755751346060001
1616850538.3848317;0.2601566324033569
1616850538.4799538;0.13901125795401773
1616850538.5750842;0.009055310817453846
1616850538.6702266;0.28658835046503095
1616850538.7653396;0.33284385707296044
1616850538.860468;0.41874694077340097
1616850538.9555988;0.41654429760159484
1616850539.0507827;0.3152227116985111
1616850539.1459308;0.10817425354873138
1616850539.24099;-0.2376407244248369
1616850539.3360941;-0.4072442486539118
1616850539.431213;-0.2728830151737356
1616850539.5263188;0.24694077337251993
1616850539.6214447;0.09275575134608821
1616850539.716594;0.2755751346060001
1616850539.8116944;0.27337249143419395
1616850539.906793;0.19848262359278424
1616850540.0019515;0.13020068526679304
1616850540.0970588;0.31962799804212344
1616850540.1922014;0.3416544297601851
1616850540.2873633;0.3746940773372776
1616850540.3835406;0.5685266764562203
1616850540.4786003;-0.31473323543805276
1616850540.5737236;-0.48874204601074
1616850540.6688712;-0.3587860988741761
1616850540.7640843;-0.004160548213383158
1616850540.8591979;1.2865883504650308
1616850540.9544396;1.1852667645619472
1616850541.0494828;0.9473813020068812
1616850541.1446242;0.7249143416544582
1616850541.2397747;0.7072931962800089
1616850541.3349092;0.7755751346060001
1616850541.430079;0.41654429760159484
1616850541.5252478;0.498042094958423
1616850541.6203315;0.984826235927586
1616850541.7154603;0.9650024473813305
1616850541.8106248;0.5531081742535772
1616850541.905749;0.5288790993637094
1616850542.0009022;0.6654429760156917
1616850542.096053;0.5178658835046785
1616850542.191197;0.3350465002447666
1616850542.2863548;0.44297601566326883
1616850542.3815038;0.8416544297601851
1616850542.476674;1.169848262359304
1616850542.5718381;0.9804209495839736
1616850542.6669333;0.6279980420949869
1616850542.7621028;0.51125795398926
1616850542.8572173;0.4760156632403613
1616850542.952379;0.6412139011258239
1616850543.047495;0.7183064121390398
1616850543.1426337;0.6412139011258239
1616850543.2377355;0.550905531081771
1616850543.3328905;0.6896720509055596
1616850543.4280007;0.7183064121390398
1616850543.5231586;0.735927557513489
1616850543.6182873;0.6125795398923437
1616850543.7124171;0.51125795398926
1616850543.8075297;0.5002447381302292
1616850543.9026678;0.5905531081742821
1616850543.9977615;0.7711698482623878
1616850544.0929143;0.8284385707293481
1616850544.1880088;0.8350465002447667
1616850544.2831287;0.7315222711698768
1616850544.3782296;0.5575134605971895
1616850544.4733415;0.4870288790993922
1616850544.5684557;0.2821830641214186
1616850544.6635604;0.27777777777780627
1616850544.7586682;0.43416544297604415
1616850544.8537645;0.722711698482652
1616850544.9488957;0.8438570729319913
1616850545.0440104;0.6169848262359561
1616850545.1391063;0.5531081742535772
1616850545.234232;0.5420949583945464
1616850545.3293471;0.7072931962800089
1616850545.4244533;1.1235927557513745
1616850545.5195858;1.2403328438571015
1616850545.6146889;1.0420949583945465
1616850545.7098782;0.8262359275575419
1616850545.8049784;0.564121390112608
1616850545.9001029;0.5729319627998327
1616850545.9952033;0.8086147821830926
1616850546.091394;1.1103768967205376
1616850546.1864715;1.064121390112608
1616850546.2816627;0.7843857072932248
1616850546.376769;0.8857072931963085
1616850546.4719381;0.8989231522271455
1616850546.5671146;0.9231522271170133
1616850546.6620674;1.2271169848262644
1616850546.7572925;1.1720509055311101
1616850546.8524468;0.9407733724914626
1616850546.947578;0.9341654429760442
1616850547.0427215;0.9473813020068812
1616850547.1378686;0.7028879099363966
1616850547.2328992;0.773372491434194
1616850547.3281047;0.9495839451786873
1616850547.4232767;1.050905531081771
1616850547.5184553;0.9143416544297887
1616850547.6135554;0.7447381302007138
1616850547.7086658;0.7513460597161322
1616850547.803713;0.799804209495868
1616850547.898955;1.1213901125795684
1616850548.3222132;0.696279980420978
1616850548.4173548;0.6147821830641499
1616850548.512512;0.7623592755751631
1616850548.6076052;0.8813020068526961
1616850548.7027614;0.9077337249143701
1616850548.797832;1.0949583945178945
1616850548.8929725;1.5068526676456477
1616850548.9880767;1.2006852667645904
1616850549.0832562;1.141213901125824
1616850549.1783714;2.7381302006852954
1616850549.2724707;3.445178658835075
1616850549.3675828;3.119187469407762
1616850549.4627004;3.072931962799833
1616850549.5577912;3.1346059716104056
1616850549.6529665;2.8857072931963086
1616850549.7480798;2.612579539892344
1616850549.8431828;3.024473813020097
1616850549.9382532;3.4385707293196566
1616850550.0333803;3.6632403328438854
1616850550.1285365;3.967205090553137
1616850550.2236538;4.577337249143445
1616850550.3187768;5.550905531081771
1616850550.4138978;6.372491434165472
1616850550.5090086;7.498042094958423
1616850550.604073;10.240332843857102
1616850550.6991942;23.599363680861508
1616850550.7943761;51.14782183064124
1616850550.8894918;91.93196279980424
1616850550.9846106;133.76676456191876
1616850551.0797322;184.127998042095
1616850551.1748295;251.1302006852668
1616850551.2699242;319.06412139011263
1616850551.3649766;315.6015663240333
1616850551.4600894;279.9848262359276
1616850551.5553098;320.75575134605975
1616850551.6514041;366.8064121390113
1616850551.7466002;314.89672050905534
1616850551.8417914;219.90993636808616
1616850551.9368343;131.56632403328442
1616850552.0319023;183.7359275575135
1616850552.1270921;76.69187469407737
1616850552.2221537;7.275575134606
1616850552.317235;15.568526676456221
1616850552.4123957;21.279980420949613
1616850552.507538;19.738130200685294
1616850552.6026845;13.387909936368114
1616850552.6977816;6.8306412139011545
1616850552.7929413;-1.700195790504132
1616850552.8880417;-10.378609887420431
1616850552.9831975;-18.79931473323541
1616850553.0783029;-27.435878609887393
1616850553.1734471;-34.34116495349973
1616850553.2685518;-41.136319138521756
1616850553.363695;-47.14953499755259
1616850553.4588108;-53.04160548213409
1616850553.5539472;-59.50195790504158
1616850553.6490755;-66.36319138521779
1616850553.7442346;-73.12310327949092
1616850553.839349;-78.68477728830149
1616850553.934482;-83.2574645129711
1616850554.029629;-85.96451297112087
1616850554.1247633;-87.84777288301514
1616850554.2199295;-89.40724424865391
1616850554.3150575;-90.75305922662749
1616850554.410175;-91.53720019579048
1616850554.5054004;-92.12310327949092
1616850554.6004305;-92.59446891825743
1616850554.6955545;-92.90944689182572
1616850554.7906756;-93.5460107684777
1616850554.88579;-94.4006363191385
1616850554.9798548;-95.05922662750854
1616850555.0749817;-95.3345570239843
1616850555.1700847;-95.31253059226624
1616850555.2651877;-95.26186979931471
1616850555.3603;-95.42927068037197
1616850555.4553962;-95.81032794909444
1616850555.5505042;-96.3345570239843
1616850555.6456254;-96.5812530592266
1616850555.7407236;-96.94909446891823
1616850555.8358238;-96.71561429270677
1616850555.930957;-96.60107684777286
1616850556.0261037;-96.89843367596669
1616850556.121224;-97.26847772883012
1616850556.2163076;-97.08786098874202
1616850556.3114128;-96.92927068037197
1616850556.4064684;-96.9777288301517
1616850556.5015976;-97.23984336759665
1616850556.59667;-97.54821341164951
1616850556.6918344;-97.66275085658343
1616850556.786911;-97.74424865394026
1616850556.8820462;-97.8345570239843
1616850556.9771836;-98.07684777288299
1616850557.0722485;-98.29050416054818
1616850557.168414;-98.35658345570236
1616850557.2635803;-98.23103279490942
1616850557.3586643;-98.27949094468916
1616850557.4537704;-98.55482134116492
1616850557.5489147;-98.89182574645127
1616850557.6440005;-99.22001957905039
1616850557.7391455;-99.23764072442484
1616850557.834271;-99.16495349975523
1616850557.9293742;-99.37420460107683
1616850558.0244865;-99.4006363191385
1616850558.1195755;-99.41164953499752
1616850558.214608;-99.4358786098874
1616850558.3098125;-99.59226627508563
1616850558.4049246;-99.81913852178167
1616850558.5000868;-99.92046010768475
1616850558.5952098;-99.9711209006363
1616850558.6902192;-99.94468918257462
1616850558.785459;-69.36319138521779
1616850559.2085488;-100.30151737640722
1616850559.3037274;-100.67816935878606
1616850559.3988452;-100.73543808125304
1616850559.493875;-100.78609887420457
1616850559.5890782;-100.92706803720017
1616850559.6841953;-101.09006363191382
1616850559.7793148;-101.12971120900633
1616850559.874424;-101.156142927068
1616850559.9694536;-101.27728830151734
1616850560.0645745;-101.42706803720017
1616850560.159814;-101.35658345570236
1616850560.2549312;-101.32354380812528
1616850560.3500311;-101.51517376407241
1616850560.445191;-101.48433675966713
1616850560.5392225;-101.41385217816934
1616850560.634333;-101.66495349975523
1616850560.7294357;-101.84557023984334
1616850560.824595;-101.9380812530592
1616850560.9197109;-101.95570239843364
1616850561.0148156;-102.04821341164951
1616850561.1099362;-102.2993147332354
1616850561.2050166;-102.62530592266272
1616850561.300062;-102.67596671561427
1616850561.395153;-102.78389623103277
1616850561.4902403;-102.77508565834555
1616850561.5854158;-102.96451297112087
1616850561.6804378;-103.18477728830149
1616850561.775595;-102.94689182574642
1616850561.8706973;-102.87640724424863
1616850561.9657965;-103.08345570239841
1616850562.0609126;-103.28389623103277
1616850562.1560054;-103.34997552618695
1616850562.251061;-103.51737640724421
1616850562.3461673;-103.6913852178169
1616850562.441278;-103.84116495349973
1616850562.5364237;-104.08345570239841
1616850562.6315236;-104.36319138521779
1616850562.7266383;-104.44468918257462
1616850562.8227723;-104.3697993147332
1616850562.9177911;-104.4358786098874
1616850563.012908;-104.57023984336757
1616850563.107981;-104.88301517376405
1616850563.2031238;-105.00856583455699
1616850563.2982194;-104.97332354380809
1616850563.3934872;-105.19799314733233
1616850563.4884627;-105.5460107684777
1616850563.583591;-105.52398433675964
1616850563.6787105;-105.5129711209006
1616850563.7738307;-105.73984336759665
1616850563.8689418;-105.88301517376405
1616850563.964063;-105.91164953499752
1616850564.0591965;-105.64512971120898
1616850564.1543114;-105.41605482134113
1616850564.2494383;-105.6142927068037
1616850564.3445833;-105.69358786098871
1616850564.4396873;-106.05041605482131
1616850564.5348382;-106.33015173764069
1616850564.6299193;-105.3675966715614
1616850564.7250605;-105.10768477728827
1616850564.820167;-105.64953499755259
1616850564.915295;-105.79050416054818
1616850565.0103884;-105.81473323543806
1616850565.1055217;-105.86098874204598
1616850565.200637;-106.05702398433674
1616850565.295748;-106.1913852178169
1616850565.3908749;-106.05261869799313
1616850565.4860075;-105.96451297112087
1616850565.5811286;-106.22883015173761
1616850565.6762538;-106.13852178169356
1616850565.7713835;-106.07244248653937
1616850565.8665047;-106.32354380812528
1616850565.9616883;-106.2993147332354
1616850566.0567439;-106.23764072442484
1616850566.1508803;-106.05261869799313
1616850566.2459826;-105.93147332354378
1616850566.3410785;-106.14292706803717
1616850566.4361672;-106.0790504160548
1616850566.531344;-106.07244248653937
1616850566.626431;-106.30372001957902
1616850566.7214653;-106.32354380812528
1616850566.8165581;-106.2574645129711
1616850566.9116688;-106.27068037200193
1616850567.006818;-106.13191385217814
1616850567.1019197;-105.95790504160546
1616850567.197012;-106.06363191385215
1616850567.2921586;-106.19579050416051
1616850567.3872197;-105.83675966715612
1616850567.4822938;-106.03720019579048
1616850567.577346;-106.49975526186977
1616850567.6725338;-106.48874204601074
1616850567.7676027;-106.4006363191385
1616850567.8627157;-106.35217816935875
1616850567.9577863;-106.43367596671558
1616850568.052873;-106.48433675966713
1616850568.1479542;-106.5107684777288
1616850568.2430005;-106.31253059226624
1616850568.3382013;-106.4006363191385
1616850568.4343598;-106.55041605482131
1616850568.5294023;-106.5460107684777
1616850568.6244;-106.47332354380809
1616850568.7196183;-106.60768477728827
1616850568.8147073;-106.65834557023982
1616850568.9097242;-106.73103279490942
1616850569.004905;-106.80592266275083
1616850569.0999236;-106.81913852178167
1616850569.195032;-106.69579050416051
1616850569.2901442;-106.40724424865391
1616850569.385284;-106.38081253059224
1616850569.4803925;-106.64512971120898
1616850569.5755093;-106.81032794909444
1616850569.6706233;-106.96891825746448
1616850569.7657318;-107.10107684777286
1616850569.8608525;-107.17816935878606
1616850569.9559796;-106.22883015173761
1616850570.0510771;-99.55482134116492
1616850570.146195;-120.06142927068035
1616850570.2413154;-161.60107684777284
1616850570.336431;-187.21120900636316
1616850570.4315794;-165.74865394028387
1616850570.5266883;-151.33896231032793
1616850570.621843;-114.35217816935875
1616850570.7169418;-139.9006363191385
1616850570.8120835;-176.01737640724423
1616850570.9071898;-201.27508565834555
1616850571.0023575;-333.7662750856583
1616850571.0974386;-326.7640724424865
1616850571.1926262;-273.2178169358786
1616850571.2876763;-374.42486539402836
1616850571.3828168;-475.12971120900636
1616850571.4779136;-554.5482134116495
1616850571.5730708;-588.0394028389622
1616850571.668144;-654.1649534997553
1616850571.7622664;-612.6473323543808
1616850571.8573472;-503.32794909446886
1616850571.9524884;-479.9667156142927
1616850572.047527;-498.9755261869799
1616850572.1426954;-435.7750856583455
1616850572.2378097;-415.3918257464513
1616850572.332843;-437.8257464512971
1616850572.4279368;-463.2288301517376
1616850572.5230403;-409.7905041605482
1616850572.6181326;-411.10107684777284
1616850572.7132382;-431.9909446891825
1616850572.808328;-411.3015173764072
1616850572.9034119;-434.6164953499755
1616850572.9985142;-415.1120900636319
1616850573.0935974;-351.3697993147332
1616850573.1886857;-304.4645129711209
1616850573.2837884;-386.49314733235434
1616850573.378879;-350.64072442486537
1616850573.473962;-206.4006363191385
1616850573.5690575;-139.5812530592266
1616850573.664163;-131.13852178169356
1616850573.7592516;-166.41825746451295
1616850573.8543434;-215.1979931473323
1616850573.9495022;-204.93147332354377
1616850574.0456686;-135.7640724424865
1616850574.1407084;-104.6142927068037
1616850574.235817;-124.70239843367594
1616850574.3309305;-114.98653940283893
1616850574.426065;-107.156142927068
1616850574.5211768;-107.38521781693585
1616850574.616389;-107.41605482134113
1616850574.7113879;-106.95570239843364
1616850574.8065023;-107.5790504160548
1616850574.9016585;-107.69579050416051
1616850574.9967213;-107.60768477728827
1616850575.0918825;-107.63191385217814
1616850575.1869452;-107.60988742046008
1616850575.2820928;-107.34557023984334
1616850575.3771653;-107.48874204601074
1616850575.4722981;-107.78830151737638
1616850575.5673547;-107.87200195790501
1616850575.6624544;-107.93147332354378
1616850575.7575088;-107.73103279490942
1616850575.8526077;-107.75085658345567
1616850575.9476495;-107.80372001957902
1616850576.042799;-107.89843367596669
1616850576.1378715;-108.09446891825743
1616850576.2329628;-108.09446891825743
1616850576.3279817;-107.7222222222222
1616850576.4230993;-107.31473323543806
1616850576.5181699;-107.2574645129711
1616850576.6132553;-107.4028389623103
1616850576.7083254;-107.34997552618695
1616850576.8034883;-107.48874204601074
1616850576.8984885;-107.77288301517373
1616850576.99359;-107.7596671561429
1616850577.0886488;-107.9755261869799
1616850577.1837604;-108.224424865394
1616850577.2788548;-108.32574645129708
1616850577.3729239;-108.54160548213409
1616850577.4679945;-108.2574645129711
1616850577.5630636;-108.50195790504158
1616850577.6581354;-108.89182574645127
1616850577.7532222;-108.8697993147332
1616850577.8482797;-108.59006363191382
1616850577.9433367;-108.60548213411647
1616850578.0383918;-108.53279490944686
1616850578.1334789;-108.51957905041603
1616850578.2285147;-108.7222222222222
