1616851538.4920928;-0.43147332354377965
1616851538.5870924;-0.18918257464510121
1616851538.6822681;-0.18918257464510121
1616851538.7772434;-0.28830151737637877
1616851538.872295;-0.3521781693587576
1616851538.9673073;-0.49094468918254613
1616851539.062341;-0.5504160548213127
1616851539.1573665;-0.48433675966712764
1616851539.252436;-0.5702398433675682
1616851539.3474038;-0.22222222222219373
1616851539.4424422;0.33284385707296044
1616851539.5374744;0.6500244738130485
1616851539.6325333;1.0442976015663525
1616851539.727555;1.3108174253548988
1616851539.8225994;0.9760156632403614
1616851539.9176378;0.4561918746941058
1616851540.0126884;0.0795398923152512
1616851540.107741;-0.1363191385217532
1616851540.2027888;-0.3675966715614008
1616851540.2978446;-0.18037200195787656
1616851540.392919;-0.12750856583452852
1616851540.4879637;-0.1098874204600792
1616851540.5830023;-0.2046010768477444
1616851540.6780615;-0.18477728830148887
1616851540.7731142;0.017865883504678517
1616851540.868153;0.13460597161040538
1616851540.963211;0.19187469407736574
1616851541.058317;0.1742535487029164
1616851541.1533718;0.19848262359278424
1616851541.2483764;0.44297601566326883
1616851541.3434186;0.4385707293196565
1616851541.4385831;0.3218306412139296
1616851541.5336063;0.24033284385710144
1616851541.6286237;0.30861478218309263
1616851541.7236595;0.6324033284385993
1616851541.8187234;0.6984826235927842
1616851541.913781;0.6456191874694363
1616851542.0088847;0.5707293196280265
1616851542.103897;0.5200685266764847
1616851542.1989336;0.5068526676456476
1616851542.293939;0.4892315222711983
1616851542.3889854;0.5310817425355155
1616851542.484033;0.5442976015663525
1616851542.5790992;0.5134605971610662
1616851542.6743016;0.5288790993637094
1616851542.7692218;0.5619187469408019
1616851542.8642929;0.6169848262359561
1616851542.9593368;0.6720509055311102
1616851543.0543795;0.6698482623593041
1616851543.14943;0.6720509055311102
1616851543.244499;0.7381302006852952
1616851543.3395462;0.6500244738130485
1616851543.4345498;0.6654429760156917
1616851543.5295975;0.6610376896720794
1616851543.6246557;0.5068526676456476
1616851543.719692;0.5068526676456476
1616851543.81473;0.6500244738130485
1616851543.909769;0.6390112579540177
1616851544.0048068;0.6984826235927842
1616851544.09986;0.7249143416544582
1616851544.1948977;0.7293196279980706
1616851544.2900047;0.6522271169848547
1616851544.385001;0.6874694077337534
1616851544.480032;0.8174253548703173
1616851544.57507;0.7116984826236212
1616851544.6701362;0.6500244738130485
1616851544.7651682;0.9077337249143701
1616851544.860286;1.0597161037689957
1616851544.9552693;0.9605971610377182
1616851545.0503333;1.1346059716104053
1616851545.1453922;1.2315222711698768
1616851545.2404163;1.1081742535487313
1616851545.3354568;1.0068526676456477
1616851545.4305246;1.022271169848291
1616851545.5255551;1.090553108174282
1616851545.6206498;0.9826235927557798
1616851545.7156668;0.720509055310846
1616851545.810705;0.6742535487029164
1616851545.9057167;0.7799804209496124
1616851546.0007627;0.7821830641214186
1616851546.0957968;0.8086147821830926
1616851546.190832;0.8813020068526961
1616851546.2858477;0.8835046500245023
1616851546.380832;1.0465002447381586
1616851546.475875;1.064121390112608
1616851546.5709393;0.8262359275575419
1616851546.66599;0.7403328438571014
1616851546.7610915;0.8680861478218591
1616851546.8561625;0.9341654429760442
1616851546.9512103;0.9914341654430046
1616851547.0462666;1.0310817425355154
1616851547.1413174;1.0332843857073217
1616851547.236377;0.9209495839452071
1616851547.3314233;0.5905531081742821
1616851547.4265883;0.4627998042095243
1616851547.8492355;0.8614782183064407
1616851547.9442687;0.9495839451786873
1616851548.0393467;0.984826235927586
1616851548.1343856;0.9407733724914626
1616851548.2294457;0.8945178658835331
1616851548.3245168;1.0266764561919033
1616851548.4195507;1.0927557513460882
1616851548.514621;0.8724914341654715
1616851548.609657;0.9011257953989517
1616851548.7047293;0.8218306412139296
1616851548.799797;0.696279980420978
1616851548.894845;0.7139011257954274
1616851548.9899018;0.9231522271170133
1616851549.0849452;1.1346059716104053
1616851549.1799996;1.3086147821830927
1616851549.2750125;1.6257953989231808
1616851549.370086;1.799804209495868
1616851549.4651458;1.7557513460597447
1616851549.560132;1.667645619187498
1616851549.655191;1.537689672050934
1616851549.7502544;1.394517865883533
1616851549.8453414;1.1852667645619472
1616851549.9403968;1.0442976015663525
1616851550.0354493;0.9275575134606256
1616851550.1304598;0.984826235927586
1616851550.2254927;1.101566324033313
1616851550.3205254;1.1147821830641498
1616851550.4155893;1.1654429760156917
1616851550.5106804;1.169848262359304
1616851550.6056957;1.3813020068526962
1616851550.700732;1.3592755751346344
1616851550.7957685;1.116984826235956
1616851550.8908901;1.167645619187498
1616851550.9859357;1.2777777777778063
1616851551.0809853;1.3240332843857359
1616851551.175971;1.4826235927557798
1616851551.2710228;1.5090553108174538
1616851551.3661351;1.4033284385707578
1616851551.461175;1.4407733724914626
1616851551.5562365;1.5531081742535773
1616851551.6512377;1.4650024473813306
1616851551.7462652;1.5178658835046785
1616851551.8413758;1.616984826235956
1616851551.9364307;1.4077337249143702
1616851552.0314877;1.2579539892315508
1616851552.1264894;1.1852667645619472
1616851552.221611;1.3416544297601851
1616851552.3166382;1.4121390112579826
1616851552.4117026;1.420949583945207
1616851552.5067217;1.3813020068526962
1616851552.6017156;1.4253548702888195
1616851552.6968062;1.4407733724914626
1616851552.7918148;1.9275575134606258
1616851552.8868115;2.4914341654430046
1616851552.9818704;2.4363680861478505
1616851553.0769083;2.5927557513460884
1616851553.1719646;2.2028879099363965
1616851553.2669861;2.1874694077337535
1616851553.3620563;2.268967205090582
1616851553.4570873;1.9914341654430046
1616851553.5521579;2.528879099363709
1616851553.6471748;2.4363680861478505
1616851553.742253;2.174253548702916
1616851553.837316;1.7116984826236212
1616851553.932429;1.2865883504650308
1616851554.027459;1.3350465002447667
1616851554.1225157;1.365883504650053
1616851554.2175424;1.4033284385707578
1616851554.312598;1.3548702887910222
1616851554.4076378;1.156632403328467
1616851554.5026872;0.9539892315222996
1616851554.5977244;1.4253548702888195
1616851554.692744;1.9231522271170134
1616851554.7877717;1.8768967205090838
1616851554.8828082;1.775575134606
1616851554.9778798;1.7050905531082028
1616851555.0729694;1.7799804209496124
1616851555.1680198;1.865883504650053
1616851555.2630756;1.7028879099363965
1616851555.3581338;1.7623592755751631
1616851555.4533498;1.865883504650053
1616851555.5482545;1.775575134606
1616851555.6432624;1.7645619187469692
1616851555.7382548;1.826235927557542
1616851555.8332903;2.174253548702916
1616851555.9283235;2.5398923152227404
1616851556.0234435;2.630200685266793
1616851556.1184509;2.5398923152227404
1616851556.2134392;2.392315222711727
1616851556.3084857;2.233724914341683
1616851556.4035263;2.271169848262388
1616851556.4985702;2.1874694077337535
1616851556.5936267;2.116984826235956
1616851556.6886723;1.9539892315222998
1616851556.7837162;1.7623592755751631
1616851556.8787694;1.6103768967205376
1616851556.9738064;1.4429760156632687
1616851557.0688663;1.5597161037689957
1616851557.1639287;1.5068526676456477
1616851557.2589614;1.3592755751346344
1616851557.3540006;1.5927557513460882
1616851557.4490433;1.5993636808615068
1616851557.5440984;1.6500244738130485
1616851557.6391323;1.947381302006881
1616851557.7341862;2.022271169848291
1616851557.8292224;1.7689672050905816
1616851557.9242709;1.9341654429760442
1616851558.0193174;2.5420949583945465
1616851558.1143522;2.561918746940802
1616851558.2094092;2.01125795398926
1616851558.304451;1.0663240332844142
1616851558.3995087;0.6896720509055596
1616851558.4945495;0.8108174253548988
1616851558.5896091;1.1147821830641498
1616851558.6846557;0.931962799804238
1616851558.7796965;0.24473813020071375
1616851558.8747647;0.22050905531084591
1616851558.9698002;0.26676456191877546
1616851559.0648406;0.2557513460597446
1616851559.159884;0.683064121390141
1616851559.2549198;1.0354870288791278
1616851559.3499682;-1.5702398433675682
1616851559.445015;-0.33015173764069594
1616851559.5400834;1.3592755751346344
1616851559.635092;1.405531081742564
1616851559.730143;1.5068526676456477
1616851559.8251915;0.773372491434194
1616851559.9202373;0.6390112579540177
1616851560.0153022;0.7315222711698768
1616851560.1103406;0.27998042094961245
1616851560.2053876;1.2050905531082028
1616851560.3004317;1.5332843857073217
1616851560.3954837;0.1874694077337534
1616851560.4905376;0.2337249143416829
1616851560.585612;1.4341654429760442
1616851560.6806362;2.680861478218335
1616851560.7756803;2.220509055310846
1616851560.8707268;2.32183064121393
1616851560.9657788;2.0310817425355157
1616851561.060866;1.839451786588379
1616851561.1558943;1.971610376896749
1616851561.2509012;2.2381302006852954
1616851561.3459303;1.8548702887910222
1616851561.4409695;1.8636808614782467
1616851561.5360456;1.826235927557542
1616851561.631144;1.852667645619216
1616851561.7261727;1.6478218306412424
1616851561.821163;1.5068526676456477
1616851561.9162757;1.5068526676456477
1616851562.0113328;1.7293196279980705
1616851562.1063626;1.8438570729319912
1616851562.2014434;1.8813020068526962
1616851562.2964482;1.7689672050905816
1616851562.3914697;1.7249143416544583
1616851562.4865208;2.0597161037689955
1616851562.581651;2.1368086147822116
1616851562.676664;1.9341654429760442
1616851562.7717388;1.8857072931963084
1616851562.8667572;1.9099363680861763
1616851562.9618256;2.0707293196280268
1616851563.056855;2.180861478218335
1616851563.151887;2.209495839451815
1616851563.2469058;1.6984826235927843
1616851563.3419757;1.5134605971610662
1616851563.4370172;1.7557513460597447
1616851563.5320694;2.2513460597161323
1616851563.6271;2.7931962799804495
1616851563.7221715;2.3482623592756036
1616851563.8172154;1.7072931962800089
1616851563.9122887;1.5993636808615068
1616851564.0073175;1.8306412139011543
1616851564.1024022;1.9341654429760442
1616851564.1974993;2.1478218306412424
1616851564.2925513;2.0927557513460884
1616851564.3875647;2.050905531081771
1616851564.482635;2.0024473813020354
1616851564.577651;1.826235927557542
1616851564.6727266;2.2116984826236212
1616851564.7676961;2.2667645619187753
1616851564.8627555;1.958394517865912
1616851564.95781;1.8592755751346344
1616851565.0529587;2.026676456191903
1616851565.1479857;2.0465002447381586
1616851565.2430177;1.8350465002447667
1616851565.3380837;1.7865883504650308
1616851565.4332268;1.773372491434194
1616851565.5281825;1.828438570729348
1616851565.6232536;1.7425354870289076
1616851565.718281;1.931962799804238
1616851565.8132744;2.1412139011258238
1616851565.908326;1.947381302006881
1616851566.003426;1.8702887909936654
1616851566.0984292;2.0046500244738414
1616851566.1934743;1.9870288790993922
1616851566.2885108;1.7953989231522556
1616851566.3835573;2.0420949583945465
1616851566.478671;2.3064121390112864
1616851566.5737176;2.2976015663240617
1616851566.6688402;2.5707293196280268
1616851566.7638388;2.9275575134606258
1616851566.8588517;2.768967205090582
1616851566.9538937;3.0707293196280268
1616851567.0488956;3.0156632403328723
1616851567.143942;3.0178658835046783
1616851567.2390807;3.0553108174253834
1616851567.334082;2.788790993636837
1616851567.4291637;2.4892315222711985
1616851567.524222;2.1235927557513747
1616851567.6192632;1.868086147821859
1616851567.714301;2.077337249143445
1616851567.8093066;2.2028879099363965
1616851567.904363;2.434165442976044
1616851567.9994004;2.735927557513489
1616851568.0944989;2.8020068526676742
1616851568.1895697;2.6081742535487313
1616851568.284614;3.0685266764562202
1616851568.37965;3.4121390112579824
1616851568.4747205;3.630200685266793
1616851568.569754;3.2050905531082026
1616851568.6647735;2.87909936368089
1616851568.7598202;2.987028879099392
1616851568.85487;3.32183064121393
1616851568.9499445;3.2535487028879384
1616851569.0449855;3.028879099363709
1616851569.1400096;2.537689672050934
1616851569.2350438;2.2843857072932248
1616851569.3301024;2.537689672050934
1616851569.4251466;2.667645619187498
1616851569.5201836;2.4517865883504935
1616851569.615229;2.8350465002447667
1616851569.7102823;3.1059716103769253
1616851569.8053188;2.8086147821830925
1616851569.9003673;2.445178658835075
1616851569.9954085;2.484826235927586
1616851570.0904608;2.513460597161066
1616851570.18551;2.5685266764562202
1616851570.2805424;2.64341654429763
1616851570.37561;2.987028879099392
1616851570.4707146;2.9429760156632687
1616851570.5657668;2.8835046500245025
1616851570.6608398;2.7799804209496126
1616851570.7558715;2.627998042094987
1616851570.8509245;2.8879099363681147
1616851570.945978;2.967205090553137
1616851571.041004;2.768967205090582
1616851571.1360343;2.656632403328467
1616851571.2310534;2.7579539892315506
1616851571.3260863;2.817425354870317
1616851571.421149;2.8482623592756036
1616851571.5161774;2.82183064121393
1616851571.6112964;2.722711698482652
1616851571.706336;2.3989231522271455
1616851571.801372;2.32183064121393
1616851571.8964298;2.5531081742535773
1616851571.9914808;2.9143416544297884
1616851572.0865135;3.103768967205119
1616851572.1815867;2.998042094958423
1616851572.2766426;2.876896720509084
1616851572.372771;2.8064121390112864
1616851572.4677603;2.826235927557542
1616851572.5627716;2.64341654429763
1616851572.6578135;2.577337249143445
1616851572.7528734;2.48262359275578
1616851572.8480074;2.5949583945178945
1616851572.9430752;3.090553108174282
1616851573.03803;3.3416544297601853
1616851573.1331034;3.509055310817454
1616851573.2281477;3.731522271169877
1616851573.3232388;3.037689672050934
1616851573.4182932;2.3901125795399207
1616851573.5133867;2.4011257953989515
1616851573.6084104;2.90773372491437
1616851573.704167;2.7028879099363965
1616851573.79866;3.061918746940802
1616851573.8937078;4.733724914341683
1616851573.9887729;5.744738130200714
1616851574.0838046;5.513460597161067
1616851574.1788945;4.909936368086177
1616851574.2739363;3.7667645619187753
1616851574.3689833;2.768967205090582
1616851574.4640732;2.445178658835075
1616851574.5591354;2.685266764561947
1616851574.6541884;3.4429760156632687
1616851574.7492342;3.1103768967205374
1616851574.8443031;2.683064121390141
1616851574.9393668;3.180861478218335
1616851575.03443;3.3064121390112864
1616851575.1294894;3.2535487028879384
1616851575.2245443;3.405531081742564
1616851575.3196092;3.035487028879128
1616851575.4147065;2.7976015663240617
1616851575.5097532;2.7843857072932248
1616851575.6037745;2.71830641213904
1616851575.6988752;2.4429760156632687
1616851575.7939165;2.526676456191903
1616851575.8890324;2.6984826235927843
1616851575.984056;2.509055310817454
1616851576.079108;2.4914341654430046
1616851576.1741557;2.7116984826236212
1616851576.2691913;2.61478218306415
1616851576.3642116;2.458394517865912
1616851576.4592462;2.8570729319628283
1616851576.5542502;3.0332843857073217
1616851576.6493826;2.7513460597161323
1616851576.744446;2.9121390112579824
1616851576.8394666;2.9011257953989515
1616851576.934499;2.8835046500245025
1616851577.0294745;3.066324033284414
1616851577.1245883;3.090553108174282
1616851577.219622;2.9936368086148106
1616851577.314693;2.788790993636837
1616851577.409731;2.9385707293196566
1616851577.5047073;3.0420949583945465
1616851577.5997443;2.929760156632432
1616851577.6948767;2.9033284385707576
1616851577.7898948;2.8570729319628283
1616851577.88501;2.892315222711727
1616851577.9799945;2.9892315222711985
1616851578.0749354;3.0178658835046783
1616851578.1699755;3.125795398923181
1616851578.2650833;3.169848262359304
1616851578.3601081;3.180861478218335
1616851578.455238;3.2557513460597445
1616851578.5502245;3.125795398923181
1616851578.6451812;3.1456191874694364
1616851578.7402928;3.2909936368086434
1616851578.8353229;3.183064121390141
1616851578.9303706;2.817425354870317
1616851579.025429;2.509055310817454
1616851579.1203887;2.469407733724943
1616851579.2154136;2.958394517865912
1616851579.3105235;3.6918746940773657
1616851579.4055557;3.87909936368089
1616851579.5005906;3.572931962799833
1616851579.5955973;3.2050905531082026
1616851579.690608;3.209495839451815
1616851579.785765;2.8879099363681147
1616851579.8807561;2.7139011257954273
1616851579.9757957;2.762359275575163
1616851580.0708349;2.8504650024474096
1616851580.165821;2.6984826235927843
1616851580.2609313;2.5839451786588636
1616851580.355967;2.625795398923181
1616851580.4509993;2.5685266764562202
1616851580.5460331;2.32183064121393
1616851580.6410608;2.368086147821859
1616851580.7360733;2.368086147821859
1616851580.831088;2.3438570729319914
1616851580.9261239;2.3350465002447667
1616851581.0215054;2.178658835046529
1616851581.116218;2.4650024473813303
1616851581.211237;2.67205090553111
1616851581.3062873;2.5927557513460884
1616851581.401392;2.7513460597161323
1616851581.4963937;3.013460597161066
1616851581.591405;2.905531081742564
1616851581.6864617;2.5707293196280268
1616851581.7815177;2.6368086147822116
1616851581.876535;2.7139011257954273
1616851581.971598;2.892315222711727
1616851582.0666358;2.632403328438599
1616851582.161688;2.288790993636837
1616851582.2567065;2.2821830641214187
1616851582.3517728;2.4936368086148106
1616851582.446798;2.37909936368089
1616851582.5418575;2.286588350465031
1616851582.6368716;2.6896720509055596
1616851582.7319405;3.035487028879128
1616851582.8269572;3.2161037689672334
1616851582.9219966;3.169848262359304
1616851583.0170722;3.7579539892315506
1616851583.112053;3.7998042094958677
1616851583.2070804;3.3548702887910222
1616851583.3021407;2.722711698482652
1616851583.3971615;2.268967205090582
1616851583.492271;2.3724914341654713
1616851583.5872808;2.3372491434165727
1616851583.6822867;2.3042094958394803
1616851583.7773008;2.4517865883504935
1616851583.8723607;2.590553108174282
1616851583.967462;2.4892315222711985
1616851584.0626013;2.370288790993665
1616851584.1574945;2.180861478218335
1616851584.2525024;2.1059716103769253
1616851584.34752;2.2116984826236212
1616851584.4425616;2.075134605971639
1616851584.5375817;2.3482623592756036
1616851584.6326327;2.5178658835046783
1616851584.7276542;2.575134605971639
1616851584.82269;2.7821830641214187
1616851584.9177346;2.9892315222711985
1616851585.0127745;2.773372491434194
1616851585.1078117;2.619187469407762
1616851585.2028577;2.6984826235927843
1616851585.2978878;2.616984826235956
1616851585.3929253;2.3945178658835333
1616851585.487987;1.8504650024474099
1616851585.5830019;1.447381302006881
1616851585.6780484;1.1874694077337533
1616851585.7731638;1.5420949583945465
1616851585.8681471;1.931962799804238
1616851585.9631774;2.156632403328467
1616851586.0582957;2.4121390112579824
1616851586.1533468;2.522271169848291
1616851586.2483437;2.8504650024474096
1616851586.3433847;2.9011257953989515
1616851586.4383516;2.9650024473813303
1616851586.5333972;2.429760156632432
1616851586.6284993;1.8614782183064407
1616851586.723526;2.473813020068555
1616851586.8185887;2.630200685266793
1616851586.9136102;2.260156632403357
1616851587.0085924;2.0575134605971894
1616851587.103624;2.075134605971639
1616851587.1987295;1.9914341654430046
1616851587.293768;1.9121390112579826
1616851587.3888147;2.0465002447381586
1616851587.4838476;2.460597161037718
1616851587.5788555;2.828438570729348
1616851587.6738486;2.6235927557513747
1616851587.7688904;2.5442976015663525
1616851587.8639128;2.683064121390141
1616851587.9590113;2.3020068526676742
1616851588.0540552;2.3504650024474096
1616851588.1490552;2.5310817425355157
1616851588.2440991;2.564121390112608
1616851588.3391368;2.7403328438571015
1616851588.4341679;2.64341654429763
1616851588.5292044;2.6918746940773657
1616851588.6242473;2.6874694077337535
1616851588.7192793;2.535487028879128
1616851588.8143384;2.5553108174253834
1616851588.9092999;2.2909936368086434
1616851589.0043375;2.2491434165443263
1616851589.0994337;2.3724914341654713
1616851589.194424;2.3086147821830925
1616851589.2894351;2.4473813020068813
1616851589.384528;2.3482623592756036
1616851589.4795456;2.112579539892344
1616851589.5745826;2.2821830641214187
1616851589.6697574;2.4363680861478505
1616851589.7646294;2.5707293196280268
1616851589.8596568;2.8416544297601853
1616851589.9547005;3.0068526676456475
1616851590.0497136;2.9473813020068813
1616851590.1447768;2.8989231522271455
1616851590.239795;2.8482623592756036
1616851590.3348367;3.0068526676456475
1616851590.429829;3.3835046500245025
1616851590.5248573;3.429760156632432
1616851590.619891;3.268967205090582
1616851590.7149324;3.072931962799833
1616851590.8099768;3.035487028879128
1616851590.9050655;3.1456191874694364
1616851591.0000856;3.077337249143445
1616851591.095111;3.022271169848291
1616851591.1901479;2.969407733724943
1616851591.285175;2.7271169848262646
1616851591.380203;2.8835046500245025
1616851591.4752336;3.0685266764562202
1616851591.5702403;3.035487028879128
1616851591.6652985;2.760156632403357
1616851591.7603226;2.786588350465031
1616851591.8553562;2.7161037689672334
1616851591.9503691;2.7050905531082026
1616851592.0453804;2.788790993636837
1616851592.1404274;2.9473813020068813
1616851592.2356317;3.0465002447381586
1616851592.3305414;2.9429760156632687
1616851592.425598;2.984826235927586
1616851592.520587;3.112579539892344
1616851592.6156237;3.127998042094987
1616851592.7106175;3.127998042094987
1616851592.8057485;3.178658835046529
1616851592.9007533;3.209495839451815
1616851592.9957883;3.3945178658835333
1616851593.0908136;3.6081742535487313
1616851593.1858299;3.5442976015663525
1616851593.2808633;3.418746940773401
1616851593.375878;3.3482623592756036
1616851593.4709375;3.3548702887910222
1616851593.5659418;3.2028879099363965
1616851593.6609566;3.330641213901154
1616851593.7559817;3.7050905531082026
1616851593.851023;3.678658835046529
1616851593.9460642;3.3989231522271455
1616851594.04115;3.590553108174282
1616851594.1361847;3.7535487028879384
1616851594.2312307;3.6632403328438854
1616851594.3263066;3.370288790993665
1616851594.4212916;3.2271169848262646
1616851594.5163205;3.077337249143445
1616851594.6113584;2.9473813020068813
1616851594.7064507;3.0707293196280268
1616851594.8013964;3.48262359275578
1616851594.896385;3.7557513460597445
1616851594.991414;3.5398923152227404
1616851595.0864484;4.967205090553136
1616851595.1815293;6.665442976015692
1616851595.2766397;5.5442976015663525
1616851595.3716443;5.3680861478218596
1616851595.466636;5.1852667645619475
1616851595.5616755;5.1500244738130485
1616851595.656694;5.290993636808643
1616851595.7517514;5.564121390112608
1616851595.8467848;5.639011257954018
1616851595.941767;5.738130200685295
1616851596.0367754;5.716103768967233
1616851596.131829;5.881302006852696
1616851596.2268255;6.341654429760185
1616851596.3218572;6.857072931962828
1616851596.4168763;7.753548702887938
1616851596.511922;9.828438570729348
1616851596.6069338;10.564121390112607
1616851596.7019765;8.795398923152256
1616851596.796992;9.295398923152256
1616851596.892039;11.227116984826264
1616851596.987064;15.24694077337252
1616851597.0821016;16.650024473813048
1616851597.1771195;19.641213901125823
1616851597.2721827;54.984826235927585
1616851597.3671901;180.69848262359278
1616851597.4622607;178.71169848262363
1616851597.5572517;93.775575134606
1616851597.652309;83.10817425354873
1616851597.7473369;124.39451786588353
1616851597.8423615;144.88790993636812
1616851597.9373755;150.2425354870289
1616851598.0324972;150.26456191874698
1616851598.1274981;140.6698482623593
1616851598.2225306;114.3790993636809
1616851598.3176203;99.29539892315226
1616851598.4126225;113.86368086147824
1616851598.5076349;123.11037689672054
1616851598.602666;109.32403328438573
1616851598.6976888;102.96279980420952
1616851598.7926824;110.48262359275579
1616851598.887712;111.52667645619191
1616851598.9828067;108.70949583945182
1616851599.0778337;106.49804209495842
1616851599.1728785;103.47381302006856
1616851599.267898;93.96720509055314
1616851599.362918;77.10156632403331
1616851599.4579628;64.13901125795402
1616851599.552989;49.09275575134609
1616851599.648012;33.51566324033287
1616851599.7430038;25.74694077337252
1616851599.8380332;17.892315222711726
1616851599.9330468;9.326235927557542
1616851600.0280757;3.0156632403328723
1616851600.1230977;-4.224424865394
1616851600.2181933;-9.266275085658316
1616851600.313293;-15.455702398433647
1616851600.4082704;-18.962310327949066
1616851600.503281;-21.986539402838932
1616851600.598292;-24.726627508565805
1616851600.6933262;-25.869799314733207
1616851600.7884514;-25.84557023984334
1616851600.883406;-25.62090063631911
1616851600.978403;-25.490944689182545
1616851601.0733845;-25.944689182574617
1616851601.1684136;-26.704601076847744
1616851601.2634263;-27.123103279490916
1616851601.3584702;-27.255261869799288
1616851601.4535484;-27.46451297112087
1616851601.5485256;-27.944689182574617
1616851601.6435416;-28.01297112090061
1616851601.7386198;-27.783896231032767
1616851601.8336725;-27.995349975526157
1616851601.9286778;-28.521781693587833
1616851602.0237331;-28.691385217816908
1616851602.1187546;-28.662750856583425
1616851602.2137623;-28.731032794909417
1616851602.308793;-28.74865394028387
1616851602.403785;-28.63852178169356
1616851602.4988096;-29.34557023984334
1616851602.5938299;-29.57905041605479
1616851602.688847;-29.383015173764043
1616851602.7838898;-29.52398433675964
1616851602.878914;-29.883015173764043
1616851602.973922;-29.74645129711206
1616851603.0689464;-29.42046010768475
1616851603.1639764;-29.869799314733207
1616851603.258989;-29.88962310327946
1616851603.3540192;-29.704601076847744
1616851603.4490385;-30.008565834556997
1616851603.5440695;-30.57464512971118
1616851603.6391025;-30.405041605482104
1616851603.7341275;-29.98874204601074
1616851603.8291585;-30.085658345570213
1616851603.9242713;-30.85217816935876
1616851604.0192893;-31.561429270680343
1616851604.1143005;-31.60988742046008
1616851604.2093647;-31.830151737640694
1616851604.3043728;-31.876407244248625
1616851604.3993883;-31.554821341164924
1616851604.49436;-31.59887420460105
1616851604.5893857;-31.50195790504158
1616851604.6844192;-31.325746451297082
1616851604.7794392;-31.257464512971094
1616851604.8744793;-31.360988742045983
1616851604.9694817;-30.922662750856556
1616851605.064493;-30.539402838962282
1616851605.1595187;-30.7596671561429
1616851605.2545466;-31.354380812530565
1616851605.3495712;-31.825746451297082
1616851605.4446228;-31.656142927068007
1616851605.5396268;-31.429270680371975
1616851605.634649;-31.979931473323514
1616851605.7296898;-32.45570239843365
1616851605.8247058;-32.45790504160546
1616851605.9198008;-33.0460107684777
1616851606.0147738;-32.55702398433673
1616851606.1097858;-32.25746451297109
1616851606.204791;-32.66275085658343
1616851606.2998085;-33.475526186979906
1616851606.3948224;-34.25305922662748
1616851606.4899256;-34.59667156142924
1616851606.5848784;-34.80151737640722
1616851606.6798837;-34.73984336759664
1616851606.774907;-34.92486539402836
1616851606.8699336;-35.18037200195788
1616851606.9649777;-34.997552618697966
1616851607.0600488;-34.71781693587858
1616851607.1549962;-34.76407244248651
1616851607.250067;-34.74204601076845
1616851607.3450568;-34.60107684777285
1616851607.4400737;-34.46010768477726
1616851607.5351083;-34.41385217816933
1616851607.6301255;-34.548213411649506
1616851607.7251954;-35.19138521781691
1616851607.8202581;-35.85658345570237
1616851607.9152348;-35.76847772883012
1616851608.0102694;-35.543808125305894
1616851608.1052647;-35.67156142927065
1616851608.200317;-35.59226627508563
1616851608.29532;-35.548213411649506
1616851608.3902717;-35.63852178169356
1616851608.4852958;-35.449094468918226
1616851608.5803196;-35.73984336759664
1616851608.6753953;-35.905041605482104
1616851608.7704363;-36.04160548213409
1616851608.8654504;-36.248653940283866
1616851608.9604774;-36.45349975526184
1616851609.0555234;-36.69579050416052
1616851609.1505501;-36.675966715614265
1616851609.245689;-36.41164953499752
1616851609.3405955;-36.449094468918226
1616851609.4356189;-37.01297112090061
1616851609.5305946;-37.565834557023955
1616851609.625621;-37.90724424865391
1616851609.7206292;-38.39182574645127
1616851609.8156514;-38.438081253059195
1616851609.910744;-38.32134116495347
1616851610.005739;-38.71120900636316
1616851610.1007702;-39.36319138521779
1616851610.1957867;-39.62310327949092
1616851610.2908275;-39.58565834557021
1616851610.385844;-39.77949094468915
1616851610.4808617;-40.02398433675964
1616851610.5759022;-40.0834557023984
1616851610.670915;-40.22001957905039
1616851610.7658966;-40.44689182574642
1616851610.8609273;-40.836759667156116
1616851610.955941;-40.89623103279488
1616851611.05095;-40.79931473323541
1616851611.1459754;-40.836759667156116
1616851611.2409866;-40.70019579050413
1616851611.3360085;-40.44248653940281
1616851611.4310207;-40.136319138521756
1616851611.526096;-40.14953499755259
1616851611.6210637;-40.45349975526184
1616851611.7160547;-40.63411649534995
1616851611.8110628;-40.653940283896205
1616851611.9060748;-40.704601076847744
1616851612.0011027;-40.68037200195788
1616851612.0962114;-40.543808125305894
1616851612.1911578;-40.51737640724422
1616851612.286129;-40.38521781693585
1616851612.3811374;-40.28609887420457
1616851612.476133;-40.30151737640722
1616851612.5711458;-40.343367596671534
1616851612.666155;-40.56803720019576
1616851612.76116;-40.625305922662726
1616851612.8561401;-40.625305922662726
1616851612.951144;-40.554821341164924
1616851613.046189;-40.631913852178144
1616851613.141141;-40.76847772883012
1616851613.2362118;-40.72222222222219
1616851613.3311586;-40.616495349975494
1616851613.426185;-40.44468918257461
1616851613.5212505;-40.38962310327946
1616851613.616309;-40.343367596671534
1616851613.711323;-40.32354380812528
1616851613.806343;-40.387420460107656
1616851613.9013252;-40.42266275085655
1616851613.996339;-40.46671561429268
1616851614.091368;-40.52178169358783
1616851614.1863823;-40.44689182574642
1616851614.2814276;-40.42927068037197
1616851614.3764465;-40.636319138521756
1616851614.4715343;-40.72883015173761
1616851614.5665169;-40.73323543808122
1616851614.6615648;-40.57905041605479
1616851614.7565737;-40.493147332354354
1616851614.8516085;-40.53059226627506
1616851614.9466083;-40.54160548213409
1616851615.0416307;-40.48433675966713
1616851615.1366575;-40.343367596671534
1616851615.2316692;-40.3675966715614
1616851615.3266845;-40.36319138521779
1616851615.4217124;-40.60327949094466
1616851615.5166917;-41.00195790504158
1616851615.611726;-40.97112090063629
1616851615.7067368;-40.88301517376404
1616851615.801771;-40.73103279490942
1616851615.8969429;-40.5460107684777
1616851615.9918942;-40.70680372001955
1616851616.0868826;-40.737640724424836
1616851616.1819258;-40.6186979931473
1616851616.2769196;-40.464512971120875
1616851616.3719532;-40.4733235438081
1616851616.4669025;-40.86319138521779
1616851616.5619466;-41.28169358786096
1616851616.6569517;-41.365394028389595
1616851616.7519727;-41.46231032794907
1616851616.8469787;-41.4028389623103
1616851616.9420722;-40.938081253059195
1616851617.0370624;-41.054821341164924
1616851617.1321793;-41.0812530592266
1616851617.2271476;-40.80151737640722
1616851617.322139;-41.79931473323541
1616851617.4171565;-42.715614292706775
1616851617.512185;-43.109887420460076
1616851617.6071887;-43.497552618697966
1616851617.702306;-43.26847772883012
1616851617.7972329;-42.737640724424836
1616851617.8922105;-42.266275085658314
1616851617.9872098;-42.32354380812528
1616851618.082239;-42.576847772882985
1616851618.1772363;-42.616495349975494
1616851618.2722876;-42.142927068037174
1616851618.3672657;-41.55261869799312
1616851618.4623094;-41.387420460107656
1616851618.5573668;-41.136319138521756
1616851618.6524165;-40.88962310327946
1616851618.747416;-41.065834557023955
1616851618.8424423;-41.21781693587858
1616851618.9374416;-41.16054821341162
1616851619.0324767;-40.94689182574642
1616851619.1274996;-40.898433675966686
1616851619.2225277;-40.77068037200193
1616851619.3175404;-40.72222222222219
1616851619.412601;-40.726627508565805
1616851619.5075903;-41.09006363191382
1616851619.602596;-41.226627508565805
1616851619.6975513;-41.255261869799284
1616851619.7925775;-41.142927068037174
1616851619.8875496;-41.20019579050413
1616851619.9825604;-41.07905041605479
1616851620.0775375;-41.20680372001955
1616851620.1725583;-41.05922662750854
1616851620.2676055;-40.737640724424836
1616851620.3626103;-40.69579050416052
1616851620.457608;-40.7618697993147
1616851620.552625;-40.6186979931473
1616851620.6476145;-40.508565834557
1616851620.7426136;-40.68477728830149
1616851620.8376052;-40.94248653940281
1616851620.932613;-41.10768477728827
1616851621.0276341;-41.376407244248625
1616851621.1226285;-41.131913852178144
1616851621.2176104;-40.82134116495347
1616851621.3126245;-40.5460107684777
1616851621.4076264;-40.255261869799284
1616851621.5026226;-40.616495349975494
1616851621.597586;-40.993147332354354
1616851621.6925817;-40.865394028389595
1616851621.7875466;-40.72001957905039
1616851621.8825486;-40.803720019579025
1616851621.9775693;-40.86979931473321
1616851622.0725775;-40.876407244248625
1616851622.167573;-40.90063631913849
1616851622.2626579;-40.94689182574642
1616851622.3576682;-41.048213411649506
1616851622.4526813;-41.01957905041603
1616851622.5477138;-40.949094468918226
1616851622.6427293;-40.854380812530565
1616851622.7378256;-40.598874204601046
1616851622.8327725;-40.905041605482104
1616851622.9278774;-41.094468918257434
1616851623.0227864;-40.77508565834554
1616851623.1177943;-40.43367596671558
1616851623.212769;-40.40063631913849
1616851623.307864;-40.73984336759664
1616851623.4028585;-40.86319138521779
1616851623.4978218;-40.78609887420457
1616851623.5928345;-40.88521781693585
1616851623.6878545;-40.74645129711206
1616851623.7828977;-40.38521781693585
1616851623.877894;-40.09006363191382
1616851623.9729018;-40.186979931473296
1616851624.0678654;-40.125305922662726
1616851624.1628978;-39.72883015173761
1616851624.2579226;-39.67816935878607
1616851624.35295;-40.28609887420457
1616851624.447968;-39.905041605482104
1616851624.54299;-39.36979931473321
1616851624.6379812;-39.65834557023982
1616851624.7329803;-39.82794909446889
1616851624.8280149;-40.449094468918226
1616851624.9230797;-41.84116495349973
1616851625.0181122;-42.5107684777288
1616851625.113098;-41.449094468918226
1616851625.2081199;-40.95129711209003
1616851625.3030896;-40.99975526186977
1616851625.3981173;-41.35217816935876
1616851625.4931471;-40.71781693587858
1616851625.5881488;-40.08565834557021
1616851625.683172;-39.66275085658343
1616851625.7781901;-39.92046010768475
1616851625.8732727;-39.982134116495324
1616851625.968277;-40.686979931473296
1616851626.0633037;-40.20019579050413
1616851626.1583068;-40.31913852178167
1616851626.2533197;-40.35658345570237
1616851626.3483484;-40.02398433675964
1616851626.443373;-39.997552618697966
1616851626.5383718;-40.47993147332352
1616851626.6333756;-40.30592266275083
1616851626.7283876;-40.048213411649506
1616851626.823343;-40.15614292706801
1616851626.9183757;-40.343367596671534
1616851627.013374;-40.438081253059195
1616851627.1084037;-40.31032794909444
1616851627.2034028;-40.486539402838936
1616851627.298415;-45.3675966715614
1616851627.3934371;-63.18037200195788
1616851627.488454;-117.84116495349973
1616851627.5834758;-190.64733235438078
1616851627.678491;-215.2993147332354
1616851627.77358;-316.7640724424865
1616851627.8685563;-359.61429270680367
1616851627.9635773;-180.77068037200192
1616851628.058585;-217.3301517376407
1616851628.1535952;-458.7750856583455
1616851628.248618;-326.9997552618698
1616851628.3437302;-126.52838962310325
1616851628.4387064;-72.33675966715612
1616851628.5336912;-50.625305922662726
1616851628.6286898;-57.05702398433673
1616851628.7237103;-105.30372001957902
1616851628.8186953;-141.60768477728828
1616851628.9138176;-186.67376407244245
1616851629.0087993;-224.74424865394025
1616851629.103847;-330.78169358786096
1616851629.1987584;-385.42046010768473
1616851629.293762;-353.6473323543808
1616851629.388813;-280.0019579050416
1616851629.4838042;-160.73764072442484
1616851629.5787776;-270.7993147332354
1616851629.6737964;-481.9446891825746
1616851629.7688107;-457.84336759667156
1616851629.8638766;-408.66495349975526
1616851629.9588583;-492.3675966715614
1616851630.053826;-460.10107684777284
1616851630.1488495;-322.2200195790504
1616851630.2438297;-263.4270680372002
1616851630.3388562;-194.01737640724423
1616851630.4338915;-117.02618697993144
1616851630.528894;-113.01737640724421
1616851630.623955;-131.2596671561429
1616851630.7189887;-71.18697993147329
1616851630.8139865;-67.41385217816934
1616851630.9089925;-50.292706803719994
1616851631.004018;-43.777288301517345
1616851631.0990613;-42.52398433675964
1616851631.1940713;-41.693587860988714
1616851631.2890651;-42.98433675966713
1616851631.3840725;-42.226627508565805
1616851631.4790766;-29.860988742045983
1616851631.5740974;-25.257464512971094
1616851631.6690865;-38.63411649534995
1616851631.7640595;-38.62090063631911
1616851631.859067;-150.5063631913852
1616851631.9541059;-202.88962310327946
1616851632.0491076;-189.43147332354377
1616851632.1441267;-101.38962310327946
1616851632.23926;-28.766275085658318
1616851632.334216;-42.898433675966686
1616851632.4292374;-22.607684777288274
1616851632.5242426;7.462799804209524
1616851632.619266;25.36147821830644
1616851632.7142835;54.196279980420975
1616851632.8093126;70.6676456191875
1616851632.9043055;136.54870288790997
1616851632.9993324;181.04209495839456
1616851633.094335;221.24473813020072
1616851633.1894603;153.7799804209496
1616851633.284346;12.90773372491437
1616851633.379361;-29.369799314733207
1616851633.4743905;-34.416054821341135
1616851633.5693238;-39.53059226627506
1616851633.6643398;-40.71781693587858
1616851633.7593958;-38.46231032794907
1616851633.85441;-7.358786098874176
1616851633.9494905;-32.78609887420457
1616851634.044513;-168.61209006363188
1616851634.13945;-203.60107684777284
1616851634.2344549;-95.94248653940281
1616851634.3294597;-118.35878609887418
1616851634.4244626;-291.6186979931473
1616851634.5194752;-224.76627508565832
1616851634.6144834;-54.26407244248651
1616851634.7094448;-32.29050416054819
1616851634.804457;-27.272883015173736
1616851634.8994727;-121.07244248653937
1616851634.9944746;-238.65834557023982
1616851635.0894902;-146.27508565834555
1616851635.1845458;116.6324033284386
1616851635.2795577;171.93857072931965
1616851635.3746638;45.85927557513463
1616851635.4696069;-8.786098874204573
1616851635.5646179;-51.037200195790476
1616851635.6596065;-124.656142927068
1616851635.7546253;-163.1539402838962
1616851635.8496451;-140.940283896231
1616851635.9446526;-137.4358786098874
1616851636.0396698;-136.0416054821341
1616851636.134692;-132.6935878609887
1616851636.2296872;-143.06363191385216
1616851636.3247056;-152.17376407244245
1616851636.4197135;-147.28609887420458
1616851636.514675;-144.18037200195786
1616851636.6096606;-140.65834557023982
1616851636.7046564;-141.17156142927064
1616851636.799659;-155.92046010768476
1616851636.8946564;-151.2288301517376
1616851636.9896698;-132.52398433675964
1616851637.0846817;-121.28609887420457
1616851637.1797416;-102.5812530592266
1616851637.27475;-2.834557023984308
1616851637.3697422;108.64782183064125
1616851637.4647605;60.55751346059719
1616851637.559755;-50.347772883015146
1616851637.654781;-83.94028389623101
1616851637.749779;-114.84557023984334
1616851637.844803;-122.0790504160548
1616851637.9398293;-61.314733235438055
1616851638.034818;5.376896720509084
1616851638.1298137;-19.387420460107656
1616851638.2248309;-124.88742046010766
1616851638.319828;-144.7266275085658
1616851638.4147778;-139.94689182574643
1616851638.5097947;-138.70900636319135
1616851638.604792;-139.2156142927068
1616851638.6998067;-141.27068037200192
1616851638.7948127;-142.23323543808124
1616851638.8898206;-142.3653940283896
1616851638.9848318;-141.60548213411647
1616851639.0800102;-141.27508565834555
1616851639.1749222;-141.30592266275082
1616851639.2699058;-141.18257464512968
1616851639.3649204;-141.86098874204598
1616851639.4599357;-142.42266275085655
1616851639.5549786;-141.23984336759665
1616851639.649986;-139.5416054821341
1616851639.7449365;-139.82134116495348
1616851639.839929;-140.64733235438078
1616851639.9348755;-140.93367596671558
1616851640.0298817;-140.96010768477726
1616851640.124887;-141.38081253059224
1616851640.2199366;-141.74645129711206
1616851640.314886;-141.59006363191384
1616851640.40991;-140.87420460107683
1616851640.5049033;-140.7949094468918
1616851640.599954;-141.48653940283893
1616851640.6949904;-141.440283896231
1616851640.7899704;-141.508565834557
1616851640.8849895;-141.70019579050413
1616851640.9799757;-142.71781693587857
1616851641.074993;-142.8653940283896
1616851641.1700296;-142.12971120900633
1616851641.2651243;-142.20460107684775
1616851641.360009;-142.07023984336757
1616851641.4550214;-142.46451297112088
1616851641.5500424;-142.95570239843366
1616851641.6450317;-142.656142927068
1616851641.7400317;-142.1869799314733
1616851641.835028;-142.4777288301517
1616851641.9300368;-142.56803720019576
1616851642.0249815;-142.27949094468914
1616851642.1199956;-142.31693587860985
1616851642.2150168;-142.42486539402836
1616851642.3100293;-142.32574645129708
1616851642.4050395;-142.52838962310324
1616851642.500032;-142.85658345570238
1616851642.59504;-142.86098874204598
1616851642.6900892;-142.78169358786096
1616851642.7851071;-142.440283896231
1616851642.8801348;-142.55702398433672
1616851642.9751375;-142.59887420460106
1616851643.0701127;-142.440283896231
1616851643.1651232;-142.66935878609885
1616851643.2601154;-143.0063631913852
1616851643.3551285;-142.92266275085655
1616851643.45019;-142.5416054821341
1616851643.5451553;-142.41825746451295
1616851643.640107;-142.8411649534997
1616851643.7351155;-142.92486539402836
1616851643.830075;-142.70900636319135
1616851643.9250743;-142.45570239843366
1616851644.0200858;-142.29270680372
1616851644.1150916;-142.51517376407241
1616851644.2101038;-142.59226627508562
1616851644.305091;-142.60327949094466
1616851644.400156;-142.50416054821338
1616851644.4951787;-142.20019579050413
1616851644.590166;-142.17156142927064
1616851644.6851625;-142.37860988742042
1616851644.780181;-142.66054821341163
1616851644.8751712;-142.73764072442484
1616851644.9702702;-142.66054821341163
1616851645.0651639;-142.6935878609887
1616851645.1601908;-142.7574645129711
1616851645.2552006;-142.7618697993147
1616851645.3501496;-142.67596671561427
1616851645.4451632;-142.37420460107683
1616851645.5401576;-142.31473323543804
1616851645.6351426;-142.62530592266273
1616851645.7300968;-142.68037200195786
1616851645.8251417;-142.45129711209003
1616851645.9200964;-142.70239843367594
1616851646.015091;-142.80592266275082
1616851646.1100926;-142.57023984336757
1616851646.2051084;-142.83896231032793
1616851646.3001075;-143.37640724424864
1616851646.3951018;-143.03499755261868
1616851646.4900942;-142.6979931473323
1616851646.5851033;-142.60548213411647
1616851646.680104;-142.89182574645127
1616851646.7751043;-142.7156142927068
1616851646.8700926;-142.67156142927064
1616851646.965086;-143.28609887420458
1616851647.060092;-143.27068037200192
1616851647.1551;-142.87860988742042
1616851647.2500992;-142.37860988742042
1616851647.345151;-142.30812530592263
1616851647.4401119;-141.93367596671558
1616851647.5351017;-142.10988742046007
1616851647.6301146;-142.8279490944689
1616851647.725122;-143.019579050416
1616851647.8201442;-142.79270680372
1616851647.9151504;-142.9711209006363
1616851648.0101473;-143.15834557023982
1616851648.1051414;-142.92927068037199
1616851648.2001848;-142.88081253059224
1616851648.2951477;-142.56363191385216
1616851648.3901496;-141.90944689182572
1616851648.4852006;-141.20019579050413
1616851648.5801842;-141.02398433675964
1616851648.6751683;-140.96231032794907
1616851648.7701964;-142.31032794909444
1616851648.8652127;-142.96891825746448
1616851648.96019;-143.1539402838962
1616851649.0551949;-143.17376407244245
1616851649.150209;-143.0416054821341
1616851649.2451928;-143.2266275085658
1616851649.3402016;-143.59006363191384
1616851649.4351995;-143.508565834557
1616851649.5302176;-143.16935878609885
1616851649.6251886;-142.78609887420458
1616851649.7201748;-142.74645129711206
1616851649.8151767;-142.87640724424864
1616851649.9101682;-142.41825746451295
1616851650.0051599;-142.9733235438081
1616851650.1001685;-143.56363191385216
1616851650.1951594;-143.85658345570238
1616851650.290156;-143.1847772883015
1616851650.385164;-142.872001957905
1616851650.4801996;-143.224424865394
1616851650.575217;-143.56142927068035
1616851650.6702154;-143.69579050416053
1616851650.7652605;-143.13191385217814
1616851650.8603628;-143.0129711209006
1616851650.9552035;-143.53059226627505
1616851651.0502129;-143.66715614292704
1616851651.1451926;-143.2949094468918
1616851651.240196;-143.10548213411647
1616851651.3352008;-142.34777288301515
1616851651.4302368;-141.59887420460106
1616851651.5251963;-141.28389623103277
1616851651.62014;-141.50416054821338
1616851651.7151306;-141.79270680372
1616851651.8101213;-140.41385217816932
1616851651.905097;-139.9755261869799
1616851652.0000768;-142.80592266275082
1616851652.095069;-144.27068037200192
1616851652.190087;-143.32574645129708
1616851652.2850933;-143.44689182574643
1616851652.380106;-143.53279490944686
1616851652.475108;-143.33896231032793
1616851652.5701053;-142.224424865394
1616851652.665105;-141.14733235438078
1616851652.7601738;-140.38962310327946
1616851652.8551898;-141.3411649534997
1616851652.9502218;-141.81473323543804
1616851653.0451784;-141.6869799314733
1616851653.1401718;-141.4358786098874
1616851653.2351735;-141.20239843367594
1616851653.3301735;-140.73764072442484
1616851653.4251711;-141.59006363191384
1616851653.5201442;-142.1142927068037
1616851653.615152;-141.23984336759665
1616851653.7101338;-141.4358786098874
1616851653.805238;-137.6869799314733
1616851654.2277024;-139.48653940283893
1616851654.3226395;-140.10548213411647
1616851654.4176557;-141.65834557023982
1616851654.5126536;-136.84557023984334
1616851654.6076732;-135.03499755261868
1616851654.7026713;-136.56583455702395
1616851654.7976635;-136.3323543808125
1616851654.8926528;-135.3940283896231
1616851654.9876657;-137.5834557023984
1616851655.082645;-139.3345570239843
1616851655.177661;-138.96231032794907
1616851655.272655;-136.24204601076846
1616851655.367646;-137.20239843367594
1616851655.4626734;-139.42486539402836
1616851655.5576484;-137.0790504160548
1616851655.6526518;-134.06803720019576
1616851655.7477093;-131.724424865394
1616851655.8427196;-133.82134116495348
1616851655.9377227;-135.33675966715612
1616851656.032725;-136.3940283896231
1616851656.127735;-135.27949094468914
1616851656.2227192;-134.81253059226626
1616851656.3177505;-134.02398433675964
1616851656.4127982;-133.8279490944689
1616851656.5077457;-135.73323543808124
1616851656.60274;-133.92486539402836
1616851656.6976602;-134.56142927068035
1616851656.7926617;-133.27508565834555
1616851656.8876464;-132.75526186979928
1616851656.9826972;-135.70239843367594
1616851657.077643;-135.71781693587857
1616851657.1726928;-135.66935878609885
1616851657.2676654;-136.71341164953498
1616851657.3626728;-137.09226627508562
1616851657.4576836;-138.20680372001956
1616851657.552684;-138.41385217816932
1616851657.6476793;-139.04601076847771
1616851657.7427015;-138.2971120900636
1616851657.8376217;-138.97993147332352
1616851657.9326594;-137.156142927068
1616851658.0276327;-134.8323543808125
1616851658.1226408;-135.8301517376407
1616851658.21762;-136.80592266275082
1616851658.3126328;-138.49975526186978
1616851658.4076118;-138.66935878609885
1616851658.5026066;-135.92927068037199
1616851658.5976012;-136.66054821341163
1616851658.692647;-140.35438081253056
1616851658.7876325;-137.7971120900636
1616851658.8826466;-138.71120900636316
1616851658.9776433;-139.76627508565832
1616851659.072663;-139.2949094468918
1616851659.1676269;-139.5438081253059
1616851659.2626562;-141.03499755261868
1616851659.3576458;-139.02618697993145
1616851659.4526384;-136.99314733235434
1616851659.5477307;-137.16495349975523
1616851659.6426294;-135.82134116495348
1616851659.7375882;-135.2156142927068
1616851659.8325884;-135.53720019579046
1616851659.9275727;-134.75305922662747
1616851660.0225406;-137.04601076847771
1616851660.1175082;-137.64292706803718
1616851660.2124739;-134.5107684777288
1616851660.307434;-134.02178169358783
1616851660.4024177;-135.4380812530592
1616851660.4974172;-137.96891825746448
1616851660.5924225;-137.0063631913852
1616851660.6874056;-140.71120900636316
1616851660.7824123;-142.1495349975526
1616851660.8774467;-138.8675966715614
1616851660.9724743;-136.4050416054821
1616851661.0674765;-136.25526186979928
1616851661.1624804;-137.62971120900633
1616851661.2574623;-138.6495349975526
1616851661.352476;-137.63631913852174
1616851661.4475229;-137.35217816935875
1616851661.5424905;-136.91385217816932
1616851661.637461;-136.90944689182572
1616851661.732557;-136.8984336759667
1616851662.1550684;-142.81253059226626
1616851662.250029;-142.2949094468918
1616851662.3450325;-142.63191385217814
1616851662.4399905;-143.16935878609885
1616851662.534979;-143.21120900636316
1616851662.63005;-143.42706803720017
1616851662.7249885;-143.34997552618694
1616851662.8199813;-142.94909446891822
1616851662.9150221;-142.68037200195786
1616851663.0100496;-142.7222222222222
1616851663.1050403;-142.81032794909444
1616851663.2000444;-142.91164953499754
1616851663.2950344;-143.16054821341163
1616851663.3900373;-143.32574645129708
1616851663.4850004;-143.48653940283893
1616851663.5799825;-143.55482134116494
1616851663.6749954;-143.30812530592263
1616851663.7699816;-143.2574645129711
1616851663.8650784;-143.2971120900636
1616851663.9599593;-143.4711209006363
1616851664.0549836;-143.41605482134113
1616851664.1499984;-143.53059226627505
1616851664.2449677;-143.53059226627505
1616851664.3399386;-143.45129711209003
1616851664.4349477;-143.63411649534996
1616851664.5299547;-143.7266275085658
1616851664.6248968;-143.52178169358783
1616851664.7199163;-143.29270680372
1616851664.814913;-143.37420460107683
1616851664.9099069;-143.55922662750854
1616851665.0048888;-143.2596671561429
1616851665.099901;-143.1539402838962
1616851665.1948984;-143.59446891825743
1616851665.2899342;-143.62310327949092
1616851665.3849277;-143.50195790504156
1616851665.4799428;-143.60107684777284
1616851665.5749106;-143.53940283896227
1616851665.6699266;-143.80151737640722
1616851665.7649238;-143.99094468918256
1616851665.8598928;-143.93147332354377
1616851665.9549103;-143.92046010768476
1616851666.0499096;-143.66054821341163
1616851666.1448984;-143.46231032794907
1616851666.239904;-143.33896231032793
1616851666.3348713;-143.45790504160544
1616851666.4298751;-143.45129711209003
1616851666.5248325;-143.519579050416
1616851666.619828;-143.30592266275082
1616851666.7148163;-143.3411649534997
1616851666.809806;-143.4028389623103
1616851666.9047923;-143.15834557023982
1616851666.9997964;-143.0482134116495
1616851667.0947754;-143.0790504160548
1616851667.1897724;-143.29270680372
1616851667.2848277;-143.33675966715612
1616851667.3798022;-143.46891825746448
1616851667.4748232;-143.79270680372
1616851667.5699518;-143.75526186979928
1616851667.6648483;-143.48653940283893
1616851667.7597868;-143.45349975526184
1616851667.8547778;-143.34336759667153
1616851667.9497528;-143.19579050416053
1616851668.0447536;-143.34336759667153
1616851668.1397436;-143.56803720019576
1616851668.234772;-143.508565834557
1616851668.3297126;-143.59446891825743
1616851668.4246864;-143.7266275085658
1616851668.519659;-143.74204601076846
1616851668.614637;-143.73764072442484
1616851668.709669;-143.8675966715614
1616851668.8046048;-143.98653940283893
1616851668.8995984;-143.53499755261868
1616851668.9945908;-143.019579050416
1616851669.089575;-143.5482134116495
1616851669.1845787;-143.92706803720017
1616851669.2795687;-143.81253059226626
1616851669.3745668;-144.04601076847771
1616851669.4695542;-144.16715614292704
1616851669.5645638;-144.25305922662747
1616851669.6595528;-144.1164953499755
1616851669.7545812;-143.9424865394028
1616851669.8495638;-143.84777288301515
1616851669.9445617;-143.78830151737637
1616851670.0395555;-143.91605482134113
1616851670.1345346;-143.93367596671558
1616851670.2295287;-143.98653940283893
1616851670.3245733;-144.27949094468914
1616851670.419574;-144.5416054821341
1616851670.5145423;-144.33675966715612
1616851670.609552;-143.92927068037199
1616851670.7045453;-144.0482134116495
1616851670.7995515;-144.29050416054818
1616851670.8945005;-143.95570239843366
1616851670.9894998;-143.66054821341163
1616851671.0844934;-143.42266275085655
1616851671.1794806;-143.02178169358783
1616851671.274488;-143.21781693587857
1616851671.3694692;-143.4006363191385
1616851671.4644926;-143.53059226627505
1616851671.5594647;-143.96231032794907
1616851671.654519;-144.07023984336757
1616851671.74952;-143.9777288301517
1616851671.8444886;-143.8940283896231
1616851671.9394689;-143.71120900636316
1616851672.0344574;-143.6209006363191
1616851672.1294591;-143.70019579050413
1616851672.2244473;-143.70900636319135
1616851672.319448;-143.71781693587857
1616851672.414431;-143.67376407244245
1616851672.5094805;-143.81253059226626
1616851672.6044264;-143.80151737640722
1616851672.6994061;-143.6979931473323
1616851672.7944193;-143.76847772883013
1616851672.8894043;-143.70460107684775
1616851672.9843926;-143.7596671561429
1616851673.0793612;-143.99314733235434
1616851673.1743872;-143.98874204601074
1616851673.2693648;-143.6913852178169
1616851673.3643253;-143.64072442486537
1616851673.459291;-143.81253059226626
1616851673.554285;-143.85878609887416
1616851673.6493268;-143.63631913852174
1616851673.744365;-143.3323543808125
1616851673.8393538;-143.38962310327946
1616851673.9342613;-143.64733235438078
1616851674.029249;-143.89623103279487
1616851674.1242433;-143.84997552618694
1616851674.2192304;-143.9777288301517
1616851674.314235;-144.3940283896231
1616851674.409235;-144.46010768477726
1616851674.5042253;-144.30812530592263
1616851674.5991936;-144.59006363191384
1616851674.6942053;-144.71781693587857
1616851674.7891686;-144.74424865394025
1616851674.884147;-144.724424865394
1616851674.9791207;-144.5107684777288
1616851675.0741203;-144.30812530592263
1616851675.1690886;-144.1869799314733
1616851675.2640884;-144.20680372001956
1616851675.3590696;-144.0812530592266
1616851675.4540634;-144.20900636319135
1616851675.5490334;-144.35658345570238
1616851675.6440175;-144.3697993147332
1616851675.739015;-144.14292706803718
1616851675.834018;-143.23323543808124
1616851675.9290125;-143.07023984336757
1616851676.023987;-143.656142927068
1616851676.1190066;-144.03499755261868
1616851676.2139752;-144.24204601076846
1616851676.3089685;-144.28389623103277
1616851676.403971;-144.0504160548213
1616851676.4989686;-144.34336759667153
