1616854086.4988544;0.7657856093979228
1616854086.5936863;0.23054331864902416
1616854086.6885717;0.043318649045499924
1616854086.7834535;-0.5646108663730023
1616854086.8783088;-1.586637298091064
1616854086.9731963;-0.6725403817915044
1616854087.06807;0.19750367107193165
1616854087.1629357;-0.37077826725405955
1616854087.2578127;0.8032305433186276
1616854087.3527167;1.1402349486049712
1616854087.4475708;0.4309838472833854
1616854087.5424364;-0.4566813509545001
1616854087.6373174;-0.3399412628487732
1616854087.7321887;0.3560939794419757
1616854087.827046;0.11820851688690961
1616854087.921911;-0.002936857562429592
1616854088.016788;0.4419970631424162
1616854088.1117022;1.4618208516886717
1616854088.2065692;1.2657856093979227
1616854088.302464;0.2878120411159845
1616854088.7246802;4.598384728340654
1616854088.8194795;5.0168869309838255
1616854088.9144616;4.3010279001468215
1616854089.009403;5.9464023494860285
1616854089.1042862;5.900146842878099
1616854089.199206;4.6270190895741345
1616854089.2940707;2.9948604992657644
1616854089.3889482;6.406754772393517
1616854089.483718;6.285609397944178
1616854089.578711;4.677679882525676
1616854089.6736135;4.492657856093958
1616854089.7684917;3.2900146842877906
1616854089.8633647;3.7878120411159846
1616854089.9582856;3.3803230543318437
1616854090.0532565;4.294419970631403
1616854090.1480806;5.56093979441995
1616854090.2429717;5.221732745961799
1616854090.665243;-0.03157121879590977
1616854090.7601848;0.08737151248162327
1616854090.854954;-0.1240822320117688
1616854090.9499564;-0.2782672540382005
1616854091.0448792;-0.44566813509546926
1616854091.1396348;-0.48311306901617407
1616854091.2346325;-0.39060205580031504
1616854091.6557171;4.8759177679882315
1616854091.7506056;8.69309838472832
1616854091.8454835;8.85389133627017
1616854091.9403794;6.1578560939794205
1616854092.035223;6.173274596182064
1616854092.1301043;6.06093979441995
1616854092.2249649;6.285609397944178
1616854092.3198762;4.406754772393517
1616854092.4147437;4.783406754772372
1616854092.5096223;7.89353891336268
1616854092.604493;5.897944199706293
1616854092.6993527;7.06093979441995
1616854092.7942178;8.530102790014663
1616854092.8890612;7.558737151248143
1616854092.9839444;7.651248164464002
1616854093.078808;6.243759177679861
1616854093.1736946;8.444199706314222
1616854093.26857;7.1270190895741345
1616854093.363449;3.4596182085168654
1616854093.4582984;5.325256975036689
1616854093.5531914;5.576358296622592
1616854093.6480737;3.1930983847283194
1616854093.7429857;5.602790014684267
1616854093.838875;4.234948604992637
1616854093.933834;4.545521292217306
1616854094.0287473;5.109397944199685
1616854094.1236525;4.1953010279001255
1616854094.21841;6.171071953010258
1616854094.3135092;7.616005873715103
1616854094.40837;4.699706314243738
1616854094.5032134;3.5763582966225926
1616854094.598119;1887.7239353891334
1616854095.0200477;-0.01174743024965426
1616854095.1149948;-0.22099853157124016
1616854095.2097476;0.06754772393536776
1616854095.3047352;0.010279001468407413
1616854095.7270527;6.155653450807614
1616854095.8218732;4.860499265785588
1616854095.91682;5.4838472834067336
1616854096.0116656;7.2657856093979225
1616854096.1064658;6.140234948604971
1616854096.2014499;4.781204111600566
1616854096.2963438;7.292217327459597
1616854096.3914008;7.961820851688672
1616854096.4861124;4.023494860499245
1616854096.580957;2.8649045521292003
1616854096.675842;3.794419970631403
1616854096.7706313;3.4045521292217114
1616854096.8656013;4.342878120411139
1616854096.960498;3.5895741556534295
1616854097.0554192;5.693098384728319
1616854097.149112;3.975036710719509
1616854097.2439797;6.109397944199685
1616854097.3388565;5.593979441997042
1616854097.4337378;5.708516886930963
1616854097.528603;4.809838472834046
1616854097.623464;6.082966226138011
1616854097.7183304;6.223935389133605
1616854097.8131933;5.867107195301006
1616854097.9080486;4.5895741556534295
1616854098.002933;4.895741556534487
1616854098.0977747;7.470631424375896
1616854098.192635;8.35389133627017
1616854098.287504;6.635829662261359
1616854098.3823757;5.96842878120409
1616854098.4772563;6.025697503671051
1616854098.5721169;5.6270190895741345
1616854098.6669927;3.937591776798804
1616854098.7618463;5.356093979441976
1616854098.8567376;5.6953010279001255
1616854098.9515846;3.558737151248143
1616854099.0464804;7.521292217327439
1616854099.1413345;6.237151248164443
1616854099.2362185;5.091776798825236
1616854099.3311052;5.521292217327439
1616854099.4269662;5.737151248164443
1616854099.5219328;3.3935389133626805
1616854099.6167998;2.809838472834046
1616854099.711636;5.267988252569729
1616854099.8065193;4.530102790014663
1616854099.9014804;1.5080763582966012
1616854099.9963784;3.4838472834067336
1616854100.091133;4.5433186490455
1616854100.1861067;5.144640234948584
1616854100.2809095;5.1600587371512265
1616854100.37579;2.7856093979441785
1616854100.4706657;3.627019089574134
1616854100.5655618;6.999265785609377
1616854100.660432;6.1578560939794205
1616854100.7553582;4.787812041115984
1616854100.8502297;6.254772393538892
1616854100.9451056;3.831864904552108
1616854101.0400198;1.9618208516886717
1616854101.1348765;3.83627019089572
1616854101.2297657;3.111600587371491
1616854101.3246646;1.1776798825256762
1616854101.4195468;3.5389133627018876
1616854101.5144022;6.459618208516866
1616854101.609316;5.536710719530081
1616854101.70418;4.4816446402349275
1616854101.7990808;7.116005873715103
1616854101.8939538;4.025697503671051
1616854101.9888468;2.241556534508055
1616854102.0837371;4.39353891336268
1616854102.1786246;5.717327459618187
1616854102.2736354;1.9287812041115793
1616854102.3684325;0.9750367107195087
1616854102.4633377;1.6049926578560727
1616854102.5582263;0.24155653450805498
1616854102.6530983;2.113803230543297
1616854102.7468789;5.492657856093958
1616854102.8417215;3.622613803230522
1616854102.9366055;2.770190895741535
1616854103.0314817;3.91116005873713
1616854103.126371;3.2107195301027684
1616854103.2211905;2.477239353891315
1616854103.3160865;4.032305433186469
1616854103.4109416;2.715124816446381
1616854103.5057776;5.653450807635808
1616854103.600654;7.3032305433186275
1616854103.6955135;6.085168869309817
1616854103.7903776;3.0256975036710507
1616854103.8852293;3.318649045521271
1616854103.980088;5.034508076358275
1616854104.0749624;2.8032305433186275
1616854104.169856;4.415565345080743
1616854104.264693;5.75036710719528
1616854104.3595555;4.433186490455191
1616854104.4544127;16.631424375917746
1616854104.5492747;42.40675477239352
1616854104.64414;14.82525697503669
1616854104.7389967;5.049926578560918
1616854104.8338516;9.483847283406734
1616854104.92877;9.441997063142416
1616854105.0247247;9.3649045521292
1616854105.1195338;8.710719530102768
1616854105.2143996;9.66886930983845
1616854105.3092895;6.585168869309817
1616854105.4041688;8.188693098384707
1616854105.4990613;8.472834067547703
1616854105.5940487;7.845080763582945
1616854105.6888273;8.77900146842876
1616854105.7837343;7.593979441997042
1616854105.878609;8.010279001468408
1616854105.9734774;7.153450807635808
1616854106.0683587;6.179882525697482
1616854106.1632292;8.102790014684267
1616854106.2581294;13.7217327459618
1616854106.3529923;25.234948604992635
1616854106.4479043;63.2217327459618
1616854106.542742;108.29441997063141
1616854106.637721;183.03450807635826
1616854106.7325134;311.6864904552129
1616854106.8274503;497.89574155653446
1616854106.9222798;669.4155653450807
1616854107.0171828;812.604992657856
1616854107.112045;967.9155653450807
1616854107.2069607;1144.3715124816445
1616854107.3018231;1333.1886930983846
1616854107.3967302;1524.8847283406753
1616854107.4916055;1696.1116005873714
1616854107.5865119;1696.7922173274596
1616854107.681347;1583.3186490455212
1616854107.7762604;1418.1248164464023
1616854107.871119;1188.1688693098383
1616854107.9660158;953.5323054331864
1616854108.0608647;654.5124816446402
1616854108.1557455;404.34948604992655
1616854108.2506044;235.730543318649
1616854108.3444135;159.82305433186488
1616854108.4392884;119.2900146842878
1616854108.5341408;92.20851688693097
1616854108.6290092;72.58737151248162
1616854108.723872;55.67327459618206
1616854108.8187432;38.076358296622594
1616854108.9136178;23.087371512481624
1616854109.0084746;6.069750367107174
1616854109.10336;-5.60646108663732
1616854109.1982148;-10.227606461086658
1616854109.293063;-13.183553597650535
1616854109.387939;-17.058002936857584
1616854109.4828525;-18.229809104258464
1616854109.5776935;-16.67474302496331
1616854109.6725826;-17.029368575624105
1616854109.7674122;-17.50734214390604
1616854109.8622677;-21.1350954478708
1616854109.9571443;-21.597650513950096
1616854110.0519927;-21.82892804698974
1616854110.1468656;-22.366372980910448
1616854110.2417054;-22.280469897210008
1616854110.336592;-25.37077826725406
1616854110.4314363;-25.976505139500755
1616854110.526362;-27.518355359765074
1616854110.6212008;-27.397209985315733
1616854110.7171872;-25.811306901615293
1616854110.8120112;-28.68135095447873
1616854111.2341597;-27.443465491923664
1616854111.3289304;-27.791483113069038
1616854111.423796;-27.27386196769459
1616854111.51868;-29.194566813509567
1616854111.6135283;-30.258443465491943
1616854111.7084253;-30.234214390602077
1616854111.8032835;-28.30249632892807
1616854111.8981729;-25.756240822320137
1616854111.993052;-24.932452276064634
1616854112.0879743;-25.580029368575644
1616854112.1828163;-26.22099853157124
1616854112.2777154;-27.648311306901636
1616854112.3725705;-28.07121879588842
1616854112.4675195;-28.32452276064613
1616854112.5623574;-27.26284875183556
1616854112.6572442;-26.07782672540384
1616854112.7521152;-25.787077826725426
1616854112.8469925;-24.57782672540384
1616854112.9418437;-27.383994126284897
1616854113.036758;-29.066813509544808
1616854113.1316037;-27.8135095447871
1616854113.2264736;-27.432452276064634
1616854113.3213282;-29.939060205580052
1616854113.4162314;-29.619676945668157
1616854113.511092;-28.185756240822343
1616854113.6060178;-30.161527165932473
1616854113.7008398;-30.141703377386218
1616854113.7957337;-28.621879588839963
1616854113.8895316;-28.90381791483115
1616854113.984409;-28.544787077826747
1616854114.0792809;-28.747430249632913
1616854114.1741378;-27.90381791483115
1616854114.2689881;-30.013950073421462
1616854114.3638458;-29.591042584434675
1616854114.4587016;-28.5271659324523
1616854114.553561;-28.597650513950096
1616854114.648418;-27.654919236417054
1616854114.7432692;-27.969897209985337
1616854114.8381298;-26.89941262848754
1616854114.9329748;-28.38179148311309
1616854115.0278885;-28.758443465491943
1616854115.122699;-28.194566813509567
1616854115.2175517;-28.104258443465515
1616854115.3124018;-30.011747430249653
1616854115.4072611;-29.12408223201177
1616854115.5021274;-29.022760646108686
1616854115.5969927;-29.099853157121903
1616854115.6918416;-27.811306901615293
1616854115.7867117;-28.59324522760648
1616854115.8816087;-30.022760646108686
1616854115.9764993;-29.65271659324525
1616854116.0713084;-29.522760646108686
1616854116.16624;-27.789280469897232
1616854116.262099;-26.833333333333353
1616854116.357086;-27.194566813509567
1616854116.451907;-26.72760646108666
1616854116.5468447;-27.183553597650537
1616854116.6416667;-28.725403817914852
1616854116.7366462;-28.346549192364193
1616854116.8314297;-27.2430249632893
1616854116.9262009;-27.729809104258464
1616854117.0211813;-28.998531571218816
1616854117.4433455;-33.75624082232014
1616854117.5382712;-33.89941262848754
1616854117.6331651;-33.62848751835538
1616854117.7280316;-33.04919236417036
1616854117.8229277;-33.207782672540404
1616854117.9178345;-33.97650513950076
1616854118.0125518;-34.14170337738622
1616854118.1075854;-33.99412628487521
1616854118.2023962;-34.37077826725406
1616854118.2972772;-34.63289280469899
1616854118.3920326;-34.51395007342146
1616854118.4870257;-34.3839941262849
1616854118.5818703;-34.43906020558005
1616854118.676812;-34.62628487518357
1616854118.7716408;11.142437591776778
1616854119.1936536;-34.2055800293686
1616854119.2884488;-35.058002936857584
1616854119.3833148;-35.41042584434657
1616854119.4781911;-35.82452276064613
1616854119.5720341;-36.20998531571221
1616854119.666918;-36.07782672540384
1616854119.7617407;-36.80029368575626
1616854119.8566077;-36.36637298091045
1616854119.9514437;-35.55359765051397
1616854120.0463326;-34.77165932452278
1616854120.1411815;-34.723201174743046
1616854120.2360451;-34.08223201174745
1616854120.3308983;-33.84214390602058
1616854120.425761;-33.507342143906044
1616854120.5206084;-34.14831130690164
1616854120.61547;-34.562408223201196
1616854120.7103238;-34.1703377386197
1616854120.805185;-34.97209985315715
1616854120.9000642;-35.42804698972102
1616854120.9949117;-35.46769456681353
1616854121.0897713;-34.80910425844349
1616854121.18464;-34.562408223201196
1616854121.2794857;-34.31571218795891
1616854121.3743393;-33.97650513950076
1616854121.4691863;-33.57562408223203
1616854121.5640366;-33.89280469897212
1616854121.6589217;-34.690161527165955
1616854121.7537897;-34.529368575624105
1616854121.8486466;-34.723201174743046
1616854121.9447892;-34.661527165932476
1616854122.0394173;-34.01395007342146
1616854122.1342053;-34.791483113069035
1616854122.229168;-35.317914831130715
1616854122.324008;-35.59765051395009
1616854122.4190464;-35.723201174743046
1616854122.5136943;-35.53157121879591
1616854122.6086576;-35.48091042584437
1616854122.7035327;-34.989720998531595
1616854122.7983105;-34.7055800293686
1616854122.8932817;-34.69897209985318
1616854122.988153;-34.26064610866375
1616854123.0829973;-33.94346549192366
1616854123.1778939;-33.102055800293705
1616854123.2727325;-33.37077826725406
1616854123.3676438;-34.88179148311309
1616854123.4623888;-34.51395007342146
1616854123.5573926;18055.1953010279
1616854123.9792037;-33.14831130690164
1616854124.0740244;-34.02055800293688
1616854124.169017;-34.97430249632895
1616854124.2638788;-36.2055800293686
1616854124.3587463;-36.73641703377388
1616854124.453668;-37.09544787077829
1616854124.5485556;-38.71439060205582
1616854124.6434114;-36.95447870778269
1616854124.7381814;-36.7055800293686
1616854124.8331463;-35.24963289280472
1616854124.928056;-33.53377386196772
1616854125.022912;-34.46769456681353
1616854125.1167142;-34.49412628487521
1616854125.2115319;-33.53817914831133
1616854125.3064797;-33.839941262848775
1616854125.4013095;-32.94787077826727
1616854125.496142;-32.04698972099855
1616854125.5909884;-31.30249632892807
1616854125.6858306;-35.48531571218798
1616854125.780826;-34.11527165932454
1616854125.8756127;-31.533773861967717
1616854125.9704661;-32.868575624082254
1616854126.0653205;-37.018355359765074
1616854126.1601894;-36.890602055800315
1616854126.2550526;-35.251835535976525
1616854126.349898;-34.872980910425866
1616854126.4447348;-35.41042584434657
1616854126.539597;-34.624082232011766
1616854126.6344547;-34.97650513950076
1616854126.7292564;-35.00954478707785
1616854126.8240948;-41.18355359765054
1616854126.9189687;-19.771659324522783
1616854127.0138164;11.886930983847263
1616854127.1086814;-48.74963289280472
1616854127.203534;-115.14170337738622
1616854127.2984116;-184.50073421439063
1616854127.3933287;-266.06681350954483
1616854127.4891956;-237.69456681350957
1616854127.5840442;-166.32011747430252
1616854127.678972;-141.80690161527167
1616854127.773806;-59.022760646108686
1616854127.8686807;-25.06020558002939
1616854127.9636343;-19.831130690161547
1616854128.058413;-32.92804698972102
1616854128.1532745;-43.92804698972102
1616854128.2482314;-47.25844346549194
1616854128.3430128;-64.26284875183556
1616854128.4378994;-64.94346549192366
1616854128.532733;-69.28267254038181
1616854128.627664;-92.30690161527168
1616854128.7224967;-96.8531571218796
1616854128.817401;-96.50954478707784
1616854128.9122376;-96.44126284875186
1616854129.0071442;-95.4192364170338
1616854129.1019857;-95.24522760646111
1616854129.1968963;-96.13069016152718
1616854129.291779;-94.91042584434658
1616854129.3866718;-92.26945668135097
1616854129.4815023;-92.85535976505142
1616854129.5764055;-93.39941262848754
1616854129.6712554;-93.19456681350957
1616854129.766217;-94.2408223201175
1616854129.8609893;-95.03377386196772
1616854129.955851;-94.8861967694567
1616854130.0507033;-94.7430249632893
1616854130.1455746;-94.31791483113071
1616854130.2404509;-94.51174743024966
1616854130.335335;-95.57121879588843
1616854130.4302108;-95.87738619676948
1616854130.5250733;-95.05800293685759
1616854130.619946;-94.84214390602058
1616854130.7148323;-95.06901615271661
1616854130.80865;-95.05580029368578
1616854130.9035392;-93.83994126284877
1616854130.9984741;-94.03377386196772
1616854131.0932477;-93.50954478707784
1616854131.1881459;-93.53597650513952
1616854131.2829251;-93.51615271659327
1616854131.377761;-93.15932452276067
1616854131.4725964;-93.0315712187959
1616854131.5674314;-93.43465491923644
1616854131.6622763;-93.65712187958886
1616854131.7571225;-94.28707782672542
1616854131.8519669;-94.33994126284877
1616854131.9468274;-93.96328928046992
1616854132.0416608;-94.50954478707784
1616854132.1365411;-94.46108663729811
1616854132.2313726;-93.9192364170338
1616854132.3262367;-94.08002936857565
1616854132.4210668;-94.73421439060208
1616854132.5159254;-95.36196769456683
1616854132.6107745;-95.32011747430252
1616854132.705634;-95.51615271659327
1616854132.8004832;-95.2760646108664
1616854132.895332;-95.2430249632893
1616854132.9912524;-94.6747430249633
1616854133.086072;-94.41262848751838
