1616856154.2003734;1.475526186979903
1616856154.2954504;6.572442486539375
1616856154.390545;6.378609887420431
1616856154.485628;7.982134116495321
1616856154.5808187;5.896231032794881
1616856154.6758916;2.768477728830123
1616856154.7711608;1.0988742046010485
1616856154.866101;-0.10817425354873138
1616856154.961163;-2.6015663240333127
1616856155.05624;-7.5751346059716385
1616856155.1513176;-10.43636808614785
1616856155.2464247;-8.861478218306441
1616856155.3415737;-11.255751346059744
1616856155.436666;-13.931962799804237
1616856155.5317748;-15.998042094958423
1616856155.626881;-18.152227116984854
1616856155.7219388;-19.62139011257957
1616856155.817018;-17.645619187469435
1616856155.9121473;-16.59275575134609
1616856156.0072098;-16.313020068526704
1616856156.102319;-15.90773372491437
1616856156.1974077;-15.771169848262387
1616856156.2924938;-16.984826235927585
1616856156.387595;-18.738130200685294
1616856156.4826899;-17.066324033284413
1616856156.577783;-15.154429760156662
1616856156.6728768;-14.658835046500274
1616856156.7679698;-10.654429760156662
1616856156.8630676;-8.93636808614785
1616856156.9581697;-7.279980420949612
1616856157.0533197;-11.266764561918775
1616856157.1495113;-11.396720509055339
1616856157.2445376;-4.024473813020097
1616856157.339652;3.292706803719991
1616856157.4347851;-1.2425354870289076
1616856157.5300202;-6.553108174253577
1616856157.6251566;-4.705090553108203
1616856157.7202406;-4.17205090553111
1616856157.8152819;-1.3438570729319912
1616856157.9104655;-0.392315222711727
1616856158.005496;0.7618697993147048
1616856158.1006508;-2.022271169848291
1616856158.195747;-9.266764561918775
1616856158.290901;-10.901125795398952
1616856158.3859756;-10.275575134606001
1616856158.4811034;-10.187469407733753
1616856158.5762012;-9.066324033284415
1616856158.6713622;-10.392315222711726
1616856158.766452;-12.473813020068555
1616856158.861603;-5.429760156632431
1616856158.9567127;3.2706803720019293
1616856159.0518525;5.433675966715586
1616856159.1469553;5.292706803719991
1616856159.2420793;4.376407244248625
1616856159.3372273;4.0636319138521495
1616856159.4323144;-1.6852667645619472
1616856159.5274215;-8.32183064121393
1616856159.6225243;-8.799804209495868
1616856159.7176294;-7.90773372491437
1616856159.812759;-3.260156632403357
1616856159.9078598;-7.632403328438599
1616856160.002976;-9.616984826235957
1616856160.0980852;-7.705090553108203
1616856160.1932049;-6.2557513460597445
1616856160.288344;-5.724914341654459
1616856160.383467;-7.152227116984855
1616856160.4775076;-7.341654429760185
1616856160.5726223;0.01737640724422016
1616856160.6677217;3.523984336759639
1616856160.7628238;0.6825746451296827
1616856160.8579159;-6.771169848262388
1616856160.9530437;-9.674253548702916
1616856161.0481403;-9.843857072931991
1616856161.1432168;-9.383504650024502
1616856161.2383263;-4.775575134606
1616856161.3334262;0.935878609887392
1616856161.428513;-3.4011257953989515
1616856161.5236676;-4.4539892315223
1616856161.6187565;1.9270680372001674
1616856161.713832;2.82794909446889
1616856161.8089461;2.4512971120900353
1616856161.904028;2.094468918257436
1616856161.9991188;-1.0068526676456477
1616856162.0941882;-6.484826235927586
1616856162.189294;-9.509055310817454
1616856162.2844305;-9.707293196280009
1616856162.379527;-7.795398923152256
1616856162.4746168;-6.716103768967233
1616856162.5697184;-8.995839451786617
1616856162.6648252;-8.290993636808643
1616856162.7610884;-7.608174253548731
1616856162.8561747;-7.359275575134634
1616856162.9513106;-0.74694077337252
1616856163.0463274;4.233235438081224
1616856163.1414185;4.554821341164925
1616856163.2366614;4.823543808125278
1616856163.3317456;5.783896231032767
1616856163.4267888;5.889623103279463
1616856163.521795;5.768477728830123
1616856163.6169837;5.7420460107684494
1616856163.7121017;5.737640724424837
1616856163.8072455;5.596671561429242
1616856163.9023814;5.400636319138493
1616856163.9974706;5.286098874204573
1616856164.0924792;5.2068037200195505
1616856164.187747;4.8147332354380525
1616856164.2828145;3.9579050416054535
1616856164.377979;3.6385217816935596
1616856164.47311;3.3631913852177884
1616856164.5680952;2.6275085658345287
1616856164.6633081;1.1495349975525901
1616856164.7584858;-3.271169848262388
1616856164.8535821;-8.057513460597189
1616856164.9489138;-10.123592755751375
1616856165.043685;-9.896720509055339
1616856165.1389258;-9.572931962799833
1616856165.234022;-9.394517865883532
1616856165.3291833;-8.297601566324062
1616856165.4243155;-7.956191874694106
1616856165.5194404;-8.431962799804237
1616856165.6145473;-8.654429760156662
1616856165.709691;-8.64341654429763
1616856165.8048134;-8.478218306412167
1616856165.899954;-6.931962799804238
1616856165.9950972;-5.290993636808643
1616856166.0890722;-7.412139011257983
1616856166.1841683;-8.553108174253577
1616856166.2792969;-8.61478218306415
1616856166.374372;-8.524473813020098
1616856166.4694202;-8.57513460597164
1616856166.5645182;-8.713901125795427
1616856166.6596746;-8.777777777777807
1616856166.7547672;-8.848262359275603
1616856166.8498583;-8.762359275575163
1616856166.9449646;-8.75795398923155
1616856167.0400894;-0.06852667645622036
1616856167.4629474;-6.967205090553136
1616856167.5580068;-7.947381302006881
1616856167.6531842;-5.429760156632431
1616856167.7482798;-5.194077337249172
1616856167.8433063;-6.885707293196308
1616856167.9384246;-5.509055310817454
1616856168.0335808;-5.169848262359304
1616856168.1287212;-4.156632403328467
1616856168.2237697;-1.222711698482652
1616856168.3188884;-1.7843857072932248
1616856168.4139397;0.6583455702398149
1616856168.5089562;-2.762359275575163
1616856168.6040618;-4.678658835046528
1616856168.6991494;-2.2116984826236212
1616856168.794314;-6.209495839451815
1616856168.8894734;-5.3306412139011545
1616856168.984502;-4.696279980420978
1616856169.0796087;-7.099363680861507
1616856169.1746674;-7.951786588350494
1616856169.2697332;-6.995839451786617
1616856169.3648293;-7.416544297601595
1616856169.4599369;-5.929760156632431
1616856169.555008;-3.960597161037718
1616856169.650133;-2.8350465002447667
1616856169.7452033;-0.7821830641214186
1616856169.8403168;0.49755261869796463
1616856169.9353945;-3.524473813020097
1616856170.030496;-8.0971610376897
1616856170.1255627;-7.821830641213929
1616856170.2206702;-7.154429760156661
1616856170.3157544;-5.180861478218335
1616856170.4108753;-6.667645619187498
1616856170.5059423;-7.85046500244741
1616856170.6010463;-5.771169848262388
1616856170.6961517;-3.865883504650053
1616856170.7912397;-3.1874694077337535
1616856170.886345;-4.059716103768996
1616856170.9814343;-3.264561918746969
1616856171.0765622;-1.9407733724914626
1616856171.1716442;-4.777777777777806
1616856171.2667286;-5.645619187469436
1616856171.3618245;-4.035487028879128
1616856171.4569232;-6.319627998042123
1616856171.5520098;-6.603768967205119
1616856171.6470928;-4.308614782183093
1616856171.7422016;-3.619187469407762
1616856171.8372865;-7.03989231522274
1616856171.9323812;-8.405531081742565
1616856172.0274775;-6.224914341654459
1616856172.1225822;-4.196279980420978
1616856172.2176843;-5.268967205090582
1616856172.3127747;-5.271169848262388
1616856172.4078705;-5.949583945178687
1616856172.503035;-3.445178658835075
1616856172.5981472;-2.2469407733725197
1616856172.6932127;-3.8989231522271455
1616856172.78831;-4.694077337249172
1616856172.8834152;-0.38790993636811466
1616856172.9785633;-1.5442976015663525
1616856173.0736613;-3.0024473813020354
1616856173.1687565;-3.621390112579568
1616856173.263845;-4.630200685266793
1616856173.358941;-2.050905531081771
1616856173.4539804;4.693587860988713
1616856173.5490813;9.85658345570237
1616856173.6441848;1.504160548213383
1616856173.73934;-9.042094958394546
1616856173.8344429;-10.665442976015692
1616856173.9295979;-10.806412139011286
1616856174.024638;-3.0817425354870576
1616856174.119714;6.5261869799314445
1616856174.2147498;5.918257464512942
1616856174.3098547;9.71781693587858
1616856174.404951;4.433675966715586
1616856174.500175;-4.956191874694106
1616856174.5952048;-8.583945178658864
1616856174.6903057;-9.971610376896749
1616856174.7853954;-9.16103768967208
1616856174.8804903;-7.914341654429789
1616856174.975508;-8.17205090553111
1616856175.0706277;-5.865883504650053
1616856175.1656985;-4.9539892315223
1616856175.2608845;-6.279980420949612
1616856175.3559487;-3.40773372491437
1616856175.4510357;-3.8614782183064404
1616856175.5461102;-3.7425354870289076
1616856175.6412015;-4.229319627998071
1616856175.7363005;-3.9099363680861763
1616856175.8314056;-4.797601566324062
1616856175.9265018;-1.6632403328438856
1616856176.0216105;-3.0046500244738414
1616856176.1168265;-3.67205090553111
1616856176.2118876;-2.998042094958423
1616856176.306911;-5.7557513460597445
1616856176.4019978;-9.031081742535516
1616856176.4970973;-8.158835046500274
1616856176.5921907;-7.9363680861478505
1616856176.6873002;-7.905531081742564
1616856176.7823792;-9.43636808614785
1616856176.8774686;-9.773372491434193
1616856176.9726443;-10.277777777777807
1616856177.067747;-9.531081742535516
1616856177.1628273;-7.18967205090556
1616856177.2579484;-5.566324033284414
1616856177.3529878;-7.7579539892315506
1616856177.4480975;-9.656632403328468
1616856177.5432432;-10.764561918746969
1616856177.6383393;-8.383504650024502
1616856177.7334685;-8.196279980420979
1616856177.8285618;-11.984826235927587
1616856177.9236524;-10.32183064121393
1616856178.01869;-7.420949583945207
1616856178.113787;-3.1368086147822116
1616856178.208927;2.6120900636318853
1616856178.3040404;-3.674253548702916
1616856178.3991091;-7.713901125795427
1616856178.4942167;-8.594958394517894
1616856178.5892632;-5.8636808614782465
1616856178.6843276;4.88521781693585
1616856178.7794373;2.768477728830123
1616856178.8745234;-5.1125795398923435
1616856178.9696271;-11.108174253548732
1616856179.064723;-9.80420949583948
1616856179.1598465;1.8609887420459823
1616856179.2549267;-0.11257953989234372
1616856179.350044;0.5526186979931188
1616856179.445136;8.53499755261867
1616856179.5403028;8.532794909446864
1616856179.6363907;8.955702398433647
1616856179.73171;8.995349975526159
1616856179.8265917;9.222222222222193
1616856179.9217389;7.6693587860988455
1616856180.0168004;6.995349975526159
1616856180.1120439;3.211209006363163
1616856180.2070374;-7.033284385707321
1616856180.3021522;-9.14341654429763
1616856180.3972692;-6.8306412139011545
1616856180.492381;-6.3636808614782465
1616856180.5875907;-4.286588350465031
1616856180.6826508;-8.480420949583973
1616856180.7777748;-10.414341654429789
1616856180.8728712;-10.103768967205118
1616856180.9679873;-9.744738130200714
1616856181.063273;-6.233724914341683
1616856181.158312;-5.835046500244767
1616856181.253419;-9.67205090553111
1616856181.3485332;-6.967205090553136
1616856181.4436626;-5.077337249143445
1616856181.5387633;-5.4011257953989515
1616856181.633871;-5.233724914341683
1616856181.728991;0.700195790504132
1616856181.8241143;6.411649534997524
1616856181.9192462;7.096671561429242
1616856182.0143354;2.7046010768477444
1616856182.1094642;1.6693587860988457
1616856182.2045822;1.3720019579050131
1616856182.2997582;-7.61478218306415
1616856182.3948228;-7.892315222711727
1616856182.4899757;-9.989231522271199
1616856182.5850613;-9.048702887909965
1616856182.6802077;-7.387909936368114
1616856182.7753358;-6.1874694077337535
1616856182.8704886;-0.9605971610377182
1616856182.9644756;-1.6808614782183349
1616856183.0595737;-1.6764561918747225
1616856183.1546788;0.4336759667155858
1616856183.2497547;0.43587860988739197
1616856183.3448648;-2.121390112579568
1616856183.4399846;-5.566324033284414
1616856183.5350292;-6.022271169848291
1616856183.6301503;-5.299804209495868
1616856183.7252564;-3.876896720509084
1616856183.8203776;-2.7998042094958677
1616856183.915518;-1.2535487028879384
1616856184.010631;0.44248653940281046
1616856184.1057043;1.8852178169358502
1616856184.2008224;-0.6456191874694363
1616856184.295846;2.2618697993147046
1616856184.3909583;1.8742046010768192
1616856184.4861088;-1.2161037689672336
1616856184.5812082;0.41605482134113647
1616856184.676245;3.374204601076819
1616856184.771337;1.9380812530591982
1616856184.8664973;0.8367596671561144
1616856184.961581;1.3411649534997268
1616856185.0566852;1.332354380812502
1616856185.153007;0.9777288301517092
1616856185.2480237;-1.2094958394518152
1616856185.3431032;2.825746451297084
1616856185.438254;0.8918257464512687
1616856185.5333529;-0.722711698482652
1616856185.6284525;1.4446891825746166
1616856185.7236025;3.526186979931445
1616856185.818606;2.2486539402838677
1616856185.9137201;-1.2249143416544583
1616856186.0088408;-0.02227116984829085
1616856186.1039507;-0.8901125795399208
1616856186.1990945;-2.48262359275578
1616856186.2942126;-0.17865883504652874
1616856186.3893292;-1.0971610376897005
1616856186.4844258;-2.566324033284414
1616856186.5795288;-6.447381302006881
1616856186.674656;-10.581742535487058
1616856186.7697678;-10.709495839451815
1616856186.8648705;-9.255751346059744
1616856186.9600806;-10.130200685266793
1616856187.0551004;-10.85046500244741
1616856187.1502538;-8.727116984826264
1616856187.2453198;-8.674253548702916
1616856187.3405557;-12.00024473813023
1616856187.4355726;-12.945178658835076
1616856187.5307019;-8.35046500244741
1616856187.6257913;-7.015663240332873
1616856187.720933;-9.29319627998045
1616856187.8160594;-12.956191874694106
1616856187.9112046;-11.722711698482652
1616856188.0062795;-7.53989231522274
1616856188.1014366;-0.33945178658837893
1616856188.1965303;-8.026676456191904
1616856188.2916646;-11.753548702887938
1616856188.3867576;-8.090553108174282
1616856188.4808753;-0.06852667645622036
1616856188.9037018;-58.81522271169851
1616856188.9987848;-50.817425354870316
1616856189.0939534;-22.97161037689675
1616856189.1890483;-17.55090553108177
1616856189.2841616;-15.592755751346088
1616856189.379266;-14.852667645619215
1616856189.4743063;-16.03989231522274
1616856189.5694919;-18.105971610376926
1616856189.6645727;-20.233724914341682
1616856189.7596693;-20.1324033284386
1616856189.854759;-18.37249143416547
1616856189.9499068;-17.108174253548732
1616856190.0449462;-20.235927557513488
1616856190.1400104;-20.51786588350468
1616856190.2350698;-19.20729319628001
1616856190.3302422;-18.066324033284413
1616856190.425327;-18.575134605971638
1616856190.5204518;-19.520068526676486
1616856190.615523;-17.009055310817455
1616856190.7106426;-17.363680861478247
1616856190.8068078;18116.16054821341
1616856191.2296903;-15.383504650024502
1616856191.3249376;-15.742535487028908
1616856191.4199939;-15.608174253548732
1616856191.515092;-15.876896720509084
1616856191.6101847;-13.68306412139014
1616856191.7053003;-14.244738130200714
1616856191.800478;-15.927557513460625
1616856191.8955383;216.46010768477726
1616856192.3185408;-16.066324033284413
1616856192.4136474;-15.874694077337278
1616856192.5087001;-16.680861478218336
1616856192.6037853;-16.80420949583948
1616856192.6989014;-17.67865883504653
1616856192.794008;-17.881302006852696
1616856192.8891497;-18.002447381302034
1616856192.9842577;-18.1324033284386
1616856193.0793574;-18.24694077337252
1616856193.174487;-17.82623592755754
1616856193.2696033;-17.3460597161038
1616856193.3647118;-18.066324033284413
1616856193.459849;-18.324033284385735
1616856193.5549378;-18.310817425354898
1616856193.6500864;-18.394517865883532
1616856193.745145;-17.053108174253577
1616856193.8403072;-9.987028879099393
1616856193.9354074;-10.324033284385736
1616856194.0305653;-15.548702887909965
1616856194.1246006;-15.31522271169851
1616856194.2197125;-18.403328438570757
1616856194.3148372;-18.843857072931993
1616856194.4099376;-15.524473813020098
1616856194.5050166;-5.4363680861478505
1616856194.6001625;-1.273372491434194
1616856194.695238;-1.447381302006881
1616856194.79034;-1.7887909936368371
1616856194.8854175;-2.0332843857073217
1616856194.9805279;-2.709495839451815
1616856195.075686;-5.53989231522274
1616856195.1708012;-8.328438570729348
1616856195.2658658;-15.216103768967233
1616856195.3609853;-19.533284385707322
1616856195.456059;-19.82183064121393
1616856195.551164;-20.083945178658862
1616856195.6462119;-20.456191874694106
1616856195.741301;-20.82183064121393
1616856195.8364036;-20.835046500244765
1616856195.9315615;-20.949583945178688
1616856196.0266523;-21.108174253548732
1616856196.121757;-21.12139011257957
1616856196.2168715;-21.086147821830668
1616856196.3119469;-21.108174253548732
1616856196.4081812;-21.167645619187496
1616856196.5031154;-21.216103768967233
1616856196.5983317;-21.05751346059719
1616856196.6934676;-20.991434165443003
1616856196.7886055;-21.112579539892344
1616856196.8837378;-21.1324033284386
1616856196.9788296;-21.097161037689702
1616856197.0739005;-21.176456191874724
1616856197.16902;-21.17865883504653
1616856197.2640996;-21.235927557513488
1616856197.3591347;-21.163240332843884
1616856197.454419;-21.191874694077367
1616856197.5494921;-21.25354870288794
1616856197.6445935;-21.317425354870316
1616856197.7397115;-21.19627998042098
1616856197.8348043;-19.40773372491437
1616856197.93037;-15.006852667645648
1616856198.0250576;-12.00024473813023
1616856198.1201444;-6.061918746940802
1616856198.2151847;-3.326235927557542
1616856198.3103426;-6.476015663240362
1616856198.405437;-11.802006852667674
1616856198.5005882;-15.630200685266793
1616856198.595673;-16.795398923152256
1616856198.6908033;-16.903328438570757
1616856198.785886;-16.951786588350494
1616856198.8810441;-16.969407733724942
1616856198.9761286;-17.004650024473843
1616856199.0712838;-16.94297601566327
1616856199.166386;-16.788790993636837
1616856199.2615368;-16.802006852667674
1616856199.356622;-16.605971610376926
1616856199.4517734;-15.130200685266793
1616856199.5468965;-11.429760156632431
1616856199.6420357;-14.786588350465031
1616856199.7361321;-16.78658835046503
1616856199.8312085;-16.75134605971613
1616856199.9263704;-16.691874694077367
1616856200.0214746;-16.71830641213904
1616856200.1165092;-16.74694077337252
1616856200.2116175;-16.757953989231552
1616856200.3067093;-16.64341654429763
1616856200.4018002;-16.4187469407734
1616856200.4969497;-16.623592755751375
1616856200.5920548;-16.835046500244765
1616856200.6871552;-16.837249143416575
1616856200.782242;-16.898923152227145
1616856200.8773468;-16.909936368086175
1616856200.9724495;-16.266764561918777
1616856201.067544;-16.14341654429763
1616856201.162597;-16.302006852667674
1616856201.2577126;-16.43196279980424
1616856201.3528047;-16.583945178658862
1616856201.4479086;-16.63680861478221
1616856201.5431685;-16.652227116984854
1616856201.638169;-16.795398923152256
1616856201.73323;-16.9187469407734
1616856201.8284178;-16.658835046500272
1616856201.9235094;-17.04650024473816
1616856202.0184963;-17.553108174253577
1616856202.11356;-17.716103768967233
1616856202.208643;-17.766764561918777
1616856202.3037148;-17.86808614782186
1616856202.39881;-17.90112579539895
1616856202.494002;-18.09275575134609
1616856202.5890744;-18.233724914341682
1616856202.6841385;-18.36808614782186
1616856202.779218;-18.520068526676486
1616856202.8743842;-18.6324033284386
1616856202.969505;-18.738130200685294
1616856203.0645988;-18.85046500244741
1616856203.159708;-18.951786588350494
1616856203.2547848;-18.76015663240336
1616856203.349902;-17.683064121390142
1616856203.4449215;-18.348262359275605
1616856203.5400376;-19.22931962799807
1616856203.6351173;-19.575134605971638
1616856203.7302938;-19.81522271169851
1616856203.8253577;-19.885707293196308
1616856203.9204755;-20.134605971610405
1616856204.0155606;-20.35707293196283
1616856204.110686;-20.458394517865912
1616856204.2057555;-20.520068526676486
1616856204.3008454;-20.42535487028882
1616856204.3959036;-20.469407733724942
1616856204.491003;-20.581742535487056
1616856204.5860984;-20.676456191874724
1616856204.6812627;-20.605971610376926
1616856204.7763216;-20.62579539892318
1616856204.8713892;-20.72271169848265
1616856204.966479;-21.376896720509084
1616856205.0615785;-21.738130200685294
1616856205.1566734;-21.9187469407734
1616856205.2517765;-21.79319627998045
1616856205.3468697;-21.702887909936397
1616856205.44202;-22.57293196279983
1616856205.537102;-22.837249143416575
1616856205.632216;-21.70068526676459
1616856205.72732;-13.302006852667674
1616856205.8224301;-7.238130200685295
1616856205.917526;-7.0442976015663525
1616856206.0126088;-11.828438570729348
1616856206.1076555;-16.119187469407763
1616856206.20276;-9.326235927557542
1616856206.297884;-4.242535487028907
1616856206.3930397;-3.9407733724914626
1616856206.488095;-5.381302006852696
1616856206.5832183;-13.094958394517894
1616856206.6783142;-19.180861478218336
1616856206.7735205;-14.645619187469435
1616856206.8685207;-10.991434165443005
1616856206.9636028;-9.136808614782211
1616856207.0586772;-5.929760156632431
1616856207.1537943;-4.9011257953989515
1616856207.2488334;-4.795398923152256
1616856207.3439398;-4.887909936368114
1616856207.439039;-5.262359275575163
1616856207.5353367;-7.64341654429763
1616856207.6302788;-9.491434165443005
1616856207.7254539;-6.8306412139011545
1616856207.8206475;-5.317425354870317
1616856207.9156678;-5.266764561918776
1616856208.0107493;-4.967205090553136
1616856208.1060014;-3.6962799804209783
1616856208.201033;-3.1962799804209783
1616856208.2961056;-3.616984826235956
1616856208.3912742;-4.813020068526705
1616856208.4863305;-5.467205090553136
1616856208.5814624;-5.623592755751375
1616856208.6765585;-5.6852667645619475
1616856208.7716978;-5.760156632403357
1616856208.8668015;-5.85046500244741
1616856208.9619274;-5.958394517865912
1616856209.0570345;-6.130200685266793
1616856209.1521406;-6.152227116984855
1616856209.2472832;-6.2205090553108455
1616856209.3423932;-5.440773372491463
1616856209.4375374;-4.290993636808643
1616856209.5326216;-4.478218306412168
1616856209.6277566;-5.266764561918776
1616856209.7229066;-6.271169848262388
1616856209.8180485;-6.645619187469436
1616856209.9131455;-8.471610376896749
1616856210.008258;-17.61478218306415
1616856210.103397;-23.467205090553136
1616856210.1985044;-23.87909936368089
1616856210.2936277;-23.75354870288794
1616856210.3887265;-23.78218306412142
1616856210.483836;-22.559716103768995
1616856210.5789597;-19.381302006852696
1616856210.674096;-20.36808614782186
1616856210.7692122;-21.097161037689702
1616856210.8643415;-19.094958394517896
1616856210.958392;-13.52227116984829
1616856211.0534863;-12.58614782183067
1616856211.1485906;-7.026676456191903
1616856211.243684;-5.980420949583974
1616856211.338803;-5.987028879099392
1616856211.433913;-6.046500244738159
1616856211.5289958;-5.7557513460597445
1616856211.6240923;-4.403328438570758
1616856211.7191813;-3.6984826235927843
1616856211.814278;-3.731522271169877
1616856211.909369;-3.724914341654458
1616856212.004464;-3.709495839451815
1616856212.0995438;-3.722711698482652
1616856212.194644;-3.667645619187498
1616856212.2897418;-3.7909936368086434
1616856212.3848386;-3.865883504650053
1616856212.4799407;-3.810817425354899
1616856212.5750763;-3.934165442976044
1616856212.6701589;-4.077337249143445
1616856212.7652214;-4.169848262359304
1616856212.8603454;-4.238130200685295
1616856212.9554355;-4.2557513460597445
1616856213.0506322;-4.2931962799804495
1616856213.14575;-4.445178658835075
1616856213.2418654;-4.4539892315223
1616856213.3370183;-4.449583945178687
1616856213.432119;-4.3989231522271455
1616856213.5271697;-4.392315222711727
1616856213.6222599;-4.423152227117013
1616856213.717355;-4.520068526676485
1616856213.8124971;-4.645619187469436
1616856213.9076185;-4.7931962799804495
1616856214.0027208;-4.740332843857101
1616856214.0978622;-4.645619187469436
1616856214.1928399;-4.669848262359304
1616856214.2879596;-4.707293196280009
1616856214.3832328;-4.788790993636837
1616856214.4783168;-4.920949583945207
1616856214.5734527;-5.116984826235956
1616856214.6685462;-5.3306412139011545
1616856214.7636003;-5.627998042094987
1616856214.8588097;-6.132403328438599
1616856214.9539456;-6.647821830641242
1616856215.0490248;-6.813020068526705
1616856215.1441312;-7.009055310817454
1616856215.2391489;-7.037689672050934
1616856215.3343778;-7.026676456191903
1616856215.4295099;-7.116984826235956
1616856215.5246022;-6.412139011257983
1616856215.6197393;-4.744738130200714
1616856215.714864;-4.306412139011287
1616856215.809897;-4.290993636808643
1616856215.905074;-4.154429760156661
1616856216.0002437;-4.174253548702916
1616856216.0953355;-4.194077337249172
1616856216.1905022;-4.108174253548731
1616856216.2854617;-4.015663240332873
1616856216.3807235;-4.009055310817454
1616856216.4758244;-4.06852667645622
1616856216.5698242;-4.05751346059719
1616856216.6649232;-4.097161037689701
1616856216.7600164;-4.1125795398923435
1616856216.855092;-4.064121390112608
1616856216.9502013;-4.119187469407763
1616856217.0453484;-4.209495839451815
1616856217.1404395;-4.46500244738133
1616856217.235528;-4.663240332843886
1616856217.330656;-4.7227116984826525
1616856217.4257054;-4.8306412139011545
1616856217.5207856;-4.949583945178687
1616856217.6158712;-5.103768967205119
1616856217.7110183;-5.352667645619216
1616856217.806121;-5.570729319628026
1616856217.9012232;-5.713901125795427
1616856217.9963028;-5.837249143416573
1616856218.0914333;-5.940773372491463
1616856218.186517;-6.0442976015663525
1616856218.2815733;-6.224914341654459
1616856218.3766594;-6.4738130200685555
1616856218.471761;-6.835046500244767
1616856218.5669239;-6.980420949583974
1616856218.6620135;-7.207293196280009
1616856218.7584345;-7.621390112579569
1616856218.8532379;-9.929760156632431
1616856218.9483511;-11.542094958394546
1616856219.0434062;-10.826235927557542
1616856219.138571;-10.47601566324036
1616856219.2336988;-11.233724914341684
1616856219.3289485;-9.64341654429763
1616856219.4239619;-6.357072931962828
1616856219.5189595;-5.550905531081771
1616856219.6141987;-5.191874694077366
1616856219.7092912;-5.055310817425384
1616856219.804464;-4.991434165443004
1616856219.8995643;-4.940773372491463
1616856219.9945743;-4.967205090553136
1616856220.089765;-4.995839451786617
1616856220.184896;-5.06852667645622
1616856220.2800694;-5.053108174253577
1616856220.3751593;-5.077337249143445
1616856220.470182;-5.0751346059716385
1616856220.565264;-5.017865883504679
1616856220.660505;-5.059716103768996
1616856220.7555947;-4.951786588350494
1616856220.8508072;-4.883504650024502
1616856220.9458284;-4.98262359275578
1616856221.0408847;-4.980420949583974
1616856221.136064;-4.916544297601595
1616856221.2311878;-4.980420949583974
1616856221.3263063;-4.9539892315223
1616856221.4216821;-4.892315222711727
1616856221.5164516;-4.9363680861478505
1616856221.6116626;-4.96500244738133
1616856221.706797;-5.055310817425384
1616856221.801923;-5.16103768967208
1616856221.8970125;-5.1125795398923435
1616856221.9920266;-5.053108174253577
1616856222.086166;-5.119187469407763
1616856222.1812475;-5.308614782183093
1616856222.2763448;-5.339451786588379
1616856222.3715246;-5.37909936368089
1616856222.466563;-5.442976015663269
1616856222.5616658;-5.478218306412168
1616856222.6568437;-5.6125795398923435
1616856222.7519317;-5.760156632403357
1616856222.8470716;-5.821830641213929
1616856222.9421194;-5.989231522271198
1616856223.0372298;-6.081742535487058
1616856223.1323633;-6.099363680861507
1616856223.227371;-6.302006852667674
1616856223.3224678;-6.652227116984855
1616856223.4176493;-7.616984826235956
1616856223.512729;-9.901125795398952
1616856223.607808;-8.209495839451815
1616856223.702899;-8.059716103768995
1616856223.7979949;-12.498042094958423
1616856223.893029;-20.387909936368114
1616856223.9881356;-22.967205090553136
1616856224.0832295;-23.150024473813048
1616856224.1783938;-22.934165442976045
1616856224.2735088;-21.55090553108177
1616856224.3686774;-14.980420949583973
1616856224.4637256;-12.83284385707296
1616856224.558731;-8.610376896720538
1616856224.6538405;-5.674253548702916
1616856224.7489865;-5.26456191874697
1616856224.8440394;-5.324033284385735
1616856224.9392352;-5.178658835046528
1616856225.034222;-5.198482623592784
1616856225.129287;-5.67205090553111
1616856225.2243667;-7.51125795398926
1616856225.3194551;-7.5420949583945465
1616856225.414552;-6.26456191874697
1616856225.509644;-8.44297601566327
1616856225.6047273;-8.753548702887938
1616856225.6998515;-5.711698482623621
1616856225.7949255;-5.152227116984855
1616856225.890049;-5.180861478218335
1616856225.9851203;-5.308614782183093
1616856226.080263;-5.390112579539921
1616856226.1753392;-5.440773372491463
1616856226.2705097;-5.447381302006881
1616856226.3655744;-5.509055310817454
1616856226.4607108;-5.597161037689701
1616856226.5558124;-5.639011257954018
1616856226.650913;-5.821830641213929
1616856226.7460067;-6.053108174253577
1616856226.8410356;-6.317425354870317
1616856226.936135;-6.735927557513489
1616856227.031293;-8.194077337249173
1616856227.1263924;-10.5971610376897
1616856227.2214983;-15.101566324033312
1616856227.3165183;-21.19627998042098
1616856227.41162;-21.892315222711726
1616856227.5067978;-23.67865883504653
1616856227.601891;-24.002447381302034
1616856227.6969895;-24.21169848262362
1616856227.7920253;-24.02887909936371
1616856227.8871202;-24.037689672050934
1616856227.9822948;-24.462799804209524
1616856228.0773747;-24.209495839451815
1616856228.1725602;-24.000244738130228
1616856228.2675374;-24.06852667645622
1616856228.3626266;-24.152227116984854
1616856228.4577916;-24.066324033284413
1616856228.5528557;-24.053108174253577
1616856228.6479702;-24.213901125795427
1616856228.7430694;-24.180861478218336
1616856228.8381026;-23.967205090553136
1616856228.933245;-23.451786588350494
1616856229.028324;-23.57953989231525
1616856229.1234314;-24.348262359275605
1616856229.2185209;-24.62139011257957
1616856229.313568;-24.56852667645622
1616856229.408735;-24.650024473813048
1616856229.503809;-24.79760156632406
1616856229.5989158;-24.702887909936397
1616856229.6939788;-24.74694077337252
1616856229.789051;-24.67865883504653
1616856229.8842285;-24.083945178658862
1616856229.9793012;-23.537689672050934
1616856230.0753284;-23.76456191874697
1616856230.1704426;-23.843857072931993
1616856230.265502;-23.870288790993666
1616856230.3606415;-23.473813020068555
1616856230.4557166;-23.795398923152256
1616856230.5509963;-24.134605971610405
1616856230.6459641;-24.227116984826264
1616856230.741099;-24.18967205090556
1616856230.8361733;-24.158835046500272
1616856230.9332392;-24.328438570729347
1616856231.026562;-24.28658835046503
1616856231.1216114;-24.187469407733754
1616856231.2166922;-24.094958394517896
1616856231.3118656;-24.158835046500272
1616856231.4069698;-24.24694077337252
1616856231.5020862;-24.352667645619217
1616856231.597197;-24.302006852667674
1616856231.6922996;-24.169848262359306
1616856231.787449;-24.06852667645622
1616856231.882538;-24.235927557513488
1616856231.9776566;-24.262359275575164
1616856232.072787;-24.172050905531112
1616856232.167889;-24.213901125795427
1616856232.2630064;-24.295398923152256
1616856232.3581097;-24.337249143416575
1616856232.4532275;-24.365883504650053
1616856232.5483322;-24.302006852667674
1616856232.6434665;-24.273372491434195
1616856232.7386432;-24.434165442976045
1616856232.8337345;-24.526676456191904
1616856232.928822;-24.495839451786615
1616856233.0239518;-24.526676456191904
1616856233.119059;-24.634605971610405
1616856233.2142222;-24.802006852667674
1616856233.3083286;-24.949583945178688
1616856233.4034462;-24.843857072931993
1616856233.4985287;-24.817425354870316
1616856233.5936193;-24.8460597161038
1616856233.6887205;-24.938570729319657
1616856233.7838187;-24.65442976015666
1616856233.8789263;-24.220509055310846
1616856233.973988;-24.308614782183092
1616856234.0690875;-24.145619187469435
1616856234.1642041;-23.903328438570757
1616856234.2592921;-24.359275575134635
1616856234.354391;-24.480420949583973
1616856234.4494908;-24.658835046500272
1616856234.5445943;-24.720509055310846
1616856234.6396933;-24.650024473813048
1616856234.7348022;-24.705090553108203
1616856234.829912;-24.650024473813048
1616856234.9250355;-24.62579539892318
1616856235.0201182;-24.594958394517896
1616856235.1151998;-24.51786588350468
1616856235.2103035;-24.559716103768995
1616856235.3053803;-24.51786588350468
1616856235.4004989;-24.209495839451815
1616856235.49556;-24.033284385707322
1616856235.5907326;-24.191874694077367
1616856235.6867547;-24.116984826235957
1616856235.7818334;-24.25134605971613
1616856235.876943;-24.277777777777807
1616856235.9720762;-20.705090553108203
1616856236.0671718;-14.083945178658864
1616856236.1624236;-20.458394517865912
1616856236.2574587;-24.194077337249173
1616856236.3525507;-23.47601566324036
1616856236.4476511;-20.680861478218336
1616856236.542771;-20.923152227117015
1616856236.6380332;-23.90773372491437
1616856236.733071;-24.00685266764565
1616856236.8281524;-22.914341654429787
1616856236.9233305;-22.887909936368114
1616856237.0184073;-24.000244738130228
1616856237.113503;-24.094958394517896
1616856237.2086637;-23.79319627998045
1616856237.3037305;-20.623592755751375
1616856237.3988419;3.2552618697992863
1616856237.493983;41.72001957905039
1616856237.589104;62.504160548213385
1616856237.6842175;73.93367596671558
1616856237.7793627;75.28609887420457
1616856237.8745208;96.24424865394026
1616856237.9696064;143.7993147332354
1616856238.0647495;164.13852178169356
1616856238.1599007;101.18697993147329
1616856238.2550101;13.193587860988714
1616856238.3501685;-13.517865883504678
1616856238.4452496;-14.165442976015692
1616856238.5404088;-13.262359275575163
1616856238.6354897;-5.134605971610405
1616856238.730651;-5.738130200685295
1616856238.82573;-9.740332843857102
1616856238.9208865;-4.610376896720537
1616856239.0149553;-0.2557513460597446
1616856239.110084;1.924865394028361
1616856239.2051525;3.7618697993147046
1616856239.3002775;3.814733235438053
1616856239.3953624;3.5592266275085374
1616856239.4904795;3.0570239843367313
1616856239.5855744;1.9865394028389338
1616856239.6806884;-3.1390112579540177
1616856239.7757826;-12.376896720509084
1616856239.8708897;-13.656632403328468
1616856239.966006;-12.931962799804237
1616856240.0611005;-12.12579539892318
1616856240.1562579;-10.394517865883532
1616856240.2513425;-5.795398923152256
1616856240.3463783;-3.220509055310846
1616856240.441469;-1.7072931962800089
1616856240.5365894;0.48433675966712764
1616856240.6317353;2.374204601076819
1616856240.726805;3.3037200195790217
1616856240.8219123;3.235438081253031
1616856240.917026;3.081253059226599
1616856241.0121198;2.618697993147304
1616856241.107216;-2.178658835046529
1616856241.2023342;-10.21830641213904
1616856241.2985525;-6.7183064121390395
1616856241.3936167;-8.993636808614811
1616856241.488758;-13.799804209495868
1616856241.5838778;-11.784385707293225
1616856241.6788807;-2.9517865883504935
1616856241.7742002;1.0129711209006078
1616856241.8692253;-2.0993636808615066
1616856241.964339;-5.0420949583945465
1616856242.0594652;-9.20068526676459
1616856242.1546128;-14.02227116984829
1616856242.2495775;-14.205090553108203
1616856242.344757;-14.198482623592785
1616856242.4399235;-14.169848262359304
1616856242.5350096;-14.313020068526704
1616856242.630131;-14.381302006852696
1616856242.7251475;-14.302006852667674
1616856242.8204265;-14.249143416544326
1616856242.9155042;-13.39011257953992
1616856243.0106404;-10.211698482623621
1616856243.10569;-1.2116984826236212
1616856243.2007995;3.0570239843367313
1616856243.2958934;1.554821341164925
1616856243.3910513;-6.449583945178687
1616856243.486136;-13.335046500244767
1616856243.5812862;-13.92535487028882
1616856243.6763613;-13.894517865883532
1616856243.7715385;-13.698482623592785
1616856243.866596;-12.843857072931991
1616856243.961796;-9.678658835046528
1616856244.0568204;-4.887909936368114
1616856244.1519506;-3.079539892315251
1616856244.247063;2.316935878609859
1616856244.3421817;3.28169358786096
1616856244.43729;3.0988742046010485
1616856244.5313575;2.9138521781693303
1616856244.6264749;2.594468918257436
1616856244.7215774;2.0966715614292424
1616856244.8166733;1.1539402838962025
1616856244.9117827;-1.5310817425355154
1616856245.006912;-6.947381302006881
1616856245.1020107;-13.231522271169876
1616856245.1970987;-14.0971610376897
1616856245.2922015;-14.05090553108177
1616856245.3872821;-13.920949583945207
1616856245.4823837;-13.152227116984855
1616856245.5774882;-12.5971610376897
1616856245.6725636;-12.9539892315223
1616856245.767662;-10.564121390112607
1616856245.8628345;-4.509055310817454
1616856245.9579422;-7.141213901125824
1616856246.0530303;-9.698482623592785
1616856246.148096;-5.949583945178687
1616856246.2431803;-11.29319627998045
1616856246.3383598;-14.072931962799833
1616856246.433435;-14.266764561918775
1616856246.5285404;-14.275575134606001
1616856246.6236851;-14.174253548702916
1616856246.7187371;-14.068526676456221
1616856246.8138306;-14.099363680861506
1616856246.9088774;-13.826235927557542
1616856247.003978;-13.361478218306441
1616856247.099097;-14.013460597161066
1616856247.1941288;-13.253548702887938
1616856247.2891982;-11.506852667645648
1616856247.3843577;-13.583945178658864
1616856247.4793973;-12.108174253548732
1616856247.574483;-11.372491434165472
1616856247.669633;-13.707293196280009
1616856247.7646716;-13.28218306412142
1616856247.8598495;-13.837249143416573
1616856247.9548552;-13.32183064121393
1616856248.0499907;-8.026676456191904
1616856248.1450653;0.5173764072442202
1616856248.240188;1.422662750856555
1616856248.3352795;-3.1015663240333127
1616856248.4304028;-4.619187469407763
1616856248.525461;-11.440773372491464
1616856248.620572;-12.11478218306415
1616856248.7156606;-7.533284385707321
1616856248.8107615;1.2971120900636035
1616856248.9058392;4.405041605482106
1616856249.0009232;4.438081253059198
1616856249.0960112;4.303720019579022
1616856249.1911104;4.151737640724396
1616856249.2862153;3.9138521781693303
1616856249.3813124;3.5107684777288015
1616856249.4764307;2.8631913852177884
1616856249.571519;-3.3482623592756036
1616856249.6666276;-12.385707293196308
1616856249.7617273;-13.716103768967233
1616856249.8568187;-13.731522271169876
1616856249.9519157;-13.753548702887938
1616856250.0470433;-13.669848262359304
1616856250.1421301;-13.612579539892344
1616856250.2372124;-13.71830641213904
1616856250.3323278;-13.830641213901155
1616856250.4274118;-13.78218306412142
1616856250.522509;-13.705090553108203
1616856250.6175907;-13.652227116984855
1616856250.7127626;-13.720509055310846
1616856250.8078418;-13.749143416544326
1616856250.9029326;-13.68306412139014
1616856250.9980268;-13.768967205090581
1616856251.0930889;-13.753548702887938
1616856251.1881871;-13.795398923152256
1616856251.2832954;-13.828438570729348
1616856251.3783844;-13.841654429760185
1616856251.4734807;-13.86808614782186
1616856251.5685797;-13.841654429760185
1616856251.6636903;-13.80420949583948
1616856251.7587779;-13.898923152227146
1616856251.8538814;-13.901125795398952
1616856251.9489596;-13.958394517865912
1616856252.0440545;-14.262359275575163
1616856252.139148;-16.37909936368089
1616856252.2342687;-21.440773372491464
1616856252.329347;-32.56412139011261
1616856252.424496;-75.6324033284386
1616856252.5205972;-85.87469407733728
1616856252.615673;-31.683064121390142
1616856252.7107978;-22.288790993636837
1616856252.8058717;-38.3482623592756
1616856252.901045;-31.33945178658838
1616856252.9962223;-23.658835046500272
1616856253.091283;-23.43636808614785
1616856253.1863723;-23.405531081742563
1616856253.281499;-23.403328438570757
1616856253.376623;-23.365883504650053
1616856253.471747;-23.348262359275605
1616856253.5669193;-23.440773372491464
1616856253.6619802;-23.423152227117015
1616856253.7570858;-23.440773372491464
1616856253.8521953;-23.42535487028882
1616856253.9473023;-23.365883504650053
1616856254.0424197;-23.370288790993666
1616856254.1375349;-23.27116984826239
1616856254.2326295;-23.172050905531112
1616856254.3277545;-23.21169848262362
1616856254.4228802;-23.194077337249173
1616856254.5179996;-23.088350465002478
1616856254.6131291;-23.158835046500272
1616856254.7082355;-23.13680861478221
1616856254.8033633;-23.249143416544324
1616856254.8984842;-23.31522271169851
1616856254.9935951;-23.277777777777807
1616856255.0887487;-23.32623592755754
1616856255.1838555;-23.275575134606
1616856255.2789698;-23.16544297601569
1616856255.3740847;-23.161037689672078
1616856255.469212;-23.180861478218336
1616856255.5643232;-23.279980420949613
1616856255.6594505;-23.398923152227145
1616856255.7535524;-23.32623592755754
1616856255.8486462;-23.275575134606
1616856255.9437532;-23.337249143416575
1616856256.038854;-23.35707293196283
1616856256.1339576;-23.28218306412142
1616856256.229052;-23.112579539892344
1616856256.3241558;-23.002447381302034
1616856256.419258;-23.176456191874724
1616856256.5143616;-23.205090553108203
1616856256.6094592;-23.231522271169876
1616856256.7045994;-23.167645619187496
1616856256.79967;-23.150024473813048
1616856256.8947713;-23.15442976015666
1616856256.989881;-23.083945178658862
1616856257.0849593;-22.99363680861481
1616856257.180153;-22.808614782183092
1616856257.2751625;-22.85046500244741
1616856257.3702784;-22.962799804209524
1616856257.4653401;-22.892315222711726
1616856257.5604677;-22.87909936368089
1616856257.655543;-22.916544297601593
1616856257.7506566;-22.929760156632433
1616856257.8457372;-22.863680861478247
1616856257.9408965;-22.79319627998045
1616856258.0359857;-22.82623592755754
1616856258.132038;-22.848262359275605
1616856258.2271228;-22.69627998042098
1616856258.3222632;-22.639011257954017
1616856258.417356;-22.75134605971613
1616856258.5124488;-22.733724914341682
1616856258.6076689;-22.83945178658838
1616856258.702697;-22.799804209495868
1616856258.797821;-22.61478218306415
1616856258.8929052;-22.57953989231525
1616856258.9880242;-22.302006852667674
1616856259.0831544;-22.462799804209524
1616856259.1782498;-22.61478218306415
1616856259.2733722;-22.616984826235957
1616856259.3684976;-22.674253548702918
1616856259.4636314;-22.634605971610405
1616856259.5587428;-22.7403328438571
1616856259.6538785;-22.478218306412167
1616856259.7489908;-22.370288790993666
1616856259.8441124;-22.79760156632406
1616856259.9392715;-22.802006852667674
1616856260.0343695;-22.20068526676459
1616856260.1295443;-21.727116984826264
1616856260.2246218;-21.898923152227145
1616856260.3197374;-22.61478218306415
1616856260.414889;-22.854870288791023
1616856260.5100183;-22.59275575134609
1616856260.6051016;-22.54650024473816
1616856260.7002423;-22.709495839451815
1616856260.7953093;-22.78218306412142
1616856260.8904786;-22.876896720509084
1616856260.985563;-22.70068526676459
1616856261.0807045;-22.720509055310846
1616856261.1757963;-22.590553108174284
1616856261.2709537;-18.583945178658862
1616856261.3660579;-19.70729319628001
1616856261.4602096;-18.674253548702918
1616856261.5552957;-11.713901125795427
1616856261.6504447;-18.35707293196283
1616856261.74554;-22.495839451786615
1616856261.8406415;-22.392315222711726
1616856261.9357538;-22.313020068526704
1616856262.0308416;-22.037689672050934
1616856262.1259472;-17.619187469407763
1616856262.221047;-10.187469407733753
1616856262.316129;-9.720509055310846
1616856262.41124;-14.077337249143445
1616856262.5063279;-20.819627998042122
1616856262.6014175;-22.053108174253577
1616856262.6965017;-22.01125795398926
1616856262.7916212;-21.927557513460627
1616856262.8867178;-20.0619187469408
1616856262.9818497;-18.645619187469435
1616856263.0769296;-18.802006852667674
1616856263.1720452;-11.487028879099393
1616856263.2672193;-7.196279980420978
1616856263.3623016;-10.308614782183092
1616856263.4574423;-16.958394517865912
1616856263.5524807;-21.639011257954017
1616856263.6475976;-21.885707293196308
1616856263.7437015;-21.810817425354898
1616856263.8387573;-21.716103768967233
1616856263.9338439;-21.663240332843884
1616856264.0289867;-21.669848262359306
1616856264.1240747;-21.605971610376926
1616856264.2192981;-21.509055310817455
1616856264.3143106;-21.31522271169851
1616856264.409415;-21.36147821830644
1616856264.5045536;-21.440773372491464
1616856264.5996509;-21.53548702887913
1616856264.694785;-21.262359275575164
1616856264.7899327;-20.52887909936371
1616856264.8850257;-21.28658835046503
1616856264.980178;-21.451786588350494
1616856265.0753045;-19.66544297601569
1616856265.1704779;-11.405531081742565
1616856265.2655494;-5.887909936368114
1616856265.360682;-5.273372491434194
1616856265.4557788;-5.7205090553108455
1616856265.5509212;-11.824033284385736
1616856265.6460114;-20.4539892315223
1616856265.741155;-21.658835046500272
1616856265.836235;-21.41213901125798
1616856265.9313715;-21.385707293196308
1616856266.026466;-21.7403328438571
1616856266.1216536;-21.79319627998045
1616856266.2167032;-21.766764561918777
1616856266.3118734;-21.68526676456195
1616856266.40696;-21.749143416544324
1616856266.5020785;-21.784385707293225
1616856266.597204;-21.672050905531112
1616856266.6923504;-21.694077337249173
1616856266.7874742;-21.57953989231525
1616856266.8826747;-21.231522271169876
1616856266.976702;-21.088350465002478
1616856267.0717793;-21.21830641213904
1616856267.1668816;-21.284385707293225
1616856267.2619557;-21.284385707293225
1616856267.3570442;-21.187469407733754
1616856267.4521458;-21.328438570729347
1616856267.547232;-21.405531081742563
1616856267.6423278;-21.590553108174284
1616856267.7374167;-21.566324033284413
1616856267.8325133;-21.43196279980424
1616856267.9276116;-21.502447381302034
1616856268.022762;-21.43636808614785
1616856268.1178076;-21.33945178658838
1616856268.212918;-21.39672050905534
1616856268.3080056;-21.515663240332874
1616856268.4031005;-21.414341654429787
1616856268.498222;-21.383504650024502
1616856268.5933056;-21.451786588350494
1616856268.688401;-21.4187469407734
1616856268.7834857;-21.394517865883532
1616856268.878589;-21.319627998042122
1616856268.9736812;-21.27116984826239
1616856269.0687692;-21.460597161037718
1616856269.1638699;-21.500244738130228
1616856269.2590203;-21.55090553108177
1616856269.3540492;-21.6324033284386
1616856269.4491339;-21.54650024473816
1616856269.5442228;-21.504650024473843
1616856269.6393106;-21.559716103768995
1616856269.7344172;-21.59275575134609
1616856269.8295848;-21.502447381302034
1616856269.9246106;-21.394517865883532
1616856270.0197027;-21.36147821830644
1616856270.114809;-21.28218306412142
1616856270.2100568;-21.26456191874697
1616856270.3050056;-21.44297601566327
1616856270.4001203;-21.392315222711726
1616856270.4951956;-21.41213901125798
1616856270.5903068;-21.51125795398926
1616856270.685375;-21.33945178658838
1616856270.7804835;-21.216103768967233
1616856270.875568;-21.18967205090556
1616856270.9706645;-21.29760156632406
1616856271.0657544;-21.099363680861508
1616856271.1608593;-20.66544297601569
1616856271.2559586;-20.376896720509084
1616856271.35105;-20.755751346059746
1616856271.4461443;-20.777777777777807
1616856271.5412471;-20.47161037689675
1616856271.6363397;-20.92535487028882
1616856271.731445;-21.05090553108177
1616856271.8265698;-21.145619187469435
1616856271.9216616;-21.213901125795427
1616856272.0167546;-21.167645619187496
1616856272.1118495;-21.145619187469435
1616856272.2069416;-21.141213901125823
1616856272.302056;-21.139011257954017
1616856272.3971338;-21.031081742535516
1616856272.492234;-20.916544297601593
1616856272.5873883;-20.854870288791023
1616856272.6824663;-20.92094958394521
1616856272.777583;-20.9539892315223
1616856272.8726857;-20.676456191874724
1616856272.9677389;-15.711698482623621
1616856273.0628393;-8.473813020068555
1616856273.1579328;-9.205090553108203
1616856273.25308;-17.231522271169876
1616856273.3482137;-20.3460597161038
1616856273.4432857;-20.026676456191904
1616856273.5383992;-19.07953989231525
1616856273.633493;-18.381302006852696
1616856273.7285519;-20.09275575134609
1616856273.82364;-18.995839451786615
1616856273.9187346;-18.67865883504653
1616856274.0139027;-17.702887909936397
1616856274.1089785;-13.22931962799807
1616856274.2040908;-11.768967205090581
1616856274.2991729;-7.647821830641242
1616856274.3942451;-5.656632403328467
1616856274.4893174;-5.522271169848291
1616856274.5844045;-5.491434165443004
1616856274.6795123;-5.577337249143445
1616856274.774602;-5.680861478218335
1616856274.8697908;-5.775575134606
1616856274.9647942;-6.623592755751375
1616856275.0599015;-8.945178658835076
1616856275.1549716;-13.698482623592785
1616856275.2501175;-14.857072931962827
1616856275.3451788;-8.93636808614785
1616856275.4403508;-4.96500244738133
1616856275.535365;-4.495839451786617
1616856275.6305609;-4.332843857072961
1616856275.7256162;-4.385707293196308
1616856275.820746;-4.500244738130229
1616856275.9157932;-4.588350465002476
1616856276.0108936;-4.727116984826265
1616856276.1059358;-4.956191874694106
1616856276.2010155;-5.471610376896749
1616856276.296117;-6.365883504650053
1616856276.3912168;-9.31522271169851
1616856276.4863336;-12.903328438570759
1616856276.581423;-10.931962799804237
1616856276.6765327;-14.779980420949613
1616856276.7716277;-13.266764561918775
1616856276.8667357;-6.207293196280009
1616856276.961828;-9.471610376896749
1616856277.0569298;-14.559716103768995
1616856277.1520247;-9.537689672050934
1616856277.247121;-4.744738130200714
1616856277.342214;-4.76456191874697
1616856277.4373024;-5.66103768967208
1616856277.5324163;-6.180861478218335
1616856277.6274807;-7.623592755751375
1616856277.7226431;-9.656632403328468
1616856277.8177574;-9.163240332843886
1616856277.912856;-9.513460597161066
1616856278.0079393;-9.152227116984855
1616856278.1030018;-7.4539892315223
1616856278.1980944;-8.079539892315251
1616856278.2931821;-5.976015663240362
1616856278.3883374;-4.909936368086177
1616856278.4834392;-4.808614782183093
1616856278.5785203;-4.7557513460597445
1616856278.6735916;-4.744738130200714
1616856278.7686985;-4.7227116984826525
1616856278.8637714;-4.7183064121390395
1616856278.9588554;-4.735927557513489
1616856279.0539412;-4.66103768967208
1616856279.1490455;-4.64341654429763
1616856279.2441359;-4.658835046500273
1616856279.3392086;-4.68967205090556
1616856279.4342985;-4.760156632403357
1616856279.5293999;-4.782183064121418
1616856279.6245127;-4.817425354870317
1616856279.7195947;-4.824033284385735
1616856279.8146815;-4.841654429760185
1616856279.9098055;-4.8636808614782465
1616856280.0048819;-4.984826235927586
1616856280.1000028;-5.134605971610405
1616856280.1950707;-5.169848262359304
1616856280.2902176;-5.167645619187498
1616856280.3852797;-5.17205090553111
1616856280.4815106;-5.326235927557542
1616856280.5764866;-5.427557513460625
1616856280.6716204;-5.403328438570758
1616856280.7666802;-5.517865883504679
1616856280.861814;-5.857072931962828
1616856280.956885;-6.447381302006881
1616856281.0520976;-6.934165442976044
1616856281.1471157;-7.517865883504679
1616856281.2422197;-6.56852667645622
1616856281.3373356;-5.683064121390141
1616856281.4324594;-5.476015663240362
1616856281.5276031;-5.5442976015663525
1616856281.6227274;-5.61478218306415
1616856281.7178478;-5.6500244738130485
1616856281.8129458;-5.817425354870317
1616856281.9080977;-5.923152227117013
1616856282.0032008;-5.909936368086177
1616856282.0983129;-5.9539892315223
1616856282.19345;-6.147821830641242
1616856282.2885456;-6.5420949583945465
1616856282.383662;-7.458394517865912
1616856282.4787652;-7.74694077337252
1616856282.5738862;-6.753548702887938
1616856282.6689878;-5.733724914341683
1616856282.7641134;-5.570729319628026
1616856282.8592255;-5.548702887909965
1616856282.9543593;-5.462799804209524
1616856283.0494733;-5.5442976015663525
1616856283.1446002;-5.548702887909965
1616856283.2397056;-5.526676456191903
1616856283.3348167;-5.517865883504679
1616856283.4299855;-5.632403328438599
1616856283.525059;-5.654429760156661
1616856283.6202316;-5.608174253548731
1616856283.7153091;-5.603768967205119
1616856283.809421;-5.654429760156661
1616856283.9045186;-5.665442976015692
1616856283.9996023;-5.691874694077366
1616856284.094705;-5.70068526676459
1616856284.18982;-5.773372491434194
1616856284.2848854;-5.857072931962828
1616856284.379991;-5.980420949583974
1616856284.475091;-6.2205090553108455
1616856284.570244;-6.405531081742564
1616856284.665286;-6.548702887909965
1616856284.760471;-6.881302006852696
1616856284.855595;-7.616984826235956
1616856284.9506757;-7.504650024473841
1616856285.04575;-6.951786588350494
1616856285.1408014;-7.332843857072961
1616856285.2359304;-7.48262359275578
1616856285.3310761;-6.526676456191903
1616856285.4261677;-6.484826235927586
1616856285.5211961;-6.53989231522274
1616856285.6163015;-6.621390112579569
1616856285.7113936;-6.727116984826265
1616856285.8065493;-6.790993636808643
1616856285.9016457;-6.768967205090582
1616856285.9967253;-6.832843857072961
1616856286.0918753;-6.962799804209524
1616856286.186892;-7.231522271169877
1616856286.2819357;-7.590553108174282
1616856286.3770378;-7.909936368086177
1616856286.4721315;-8.119187469407763
1616856286.5672824;-8.302006852667674
1616856286.6624568;-8.112579539892344
1616856286.757481;-7.991434165443004
1616856286.8526733;-8.335046500244767
1616856286.947623;-8.105971610376924
1616856287.0427234;-8.013460597161066
1616856287.1378102;-7.987028879099392
1616856287.2330606;-7.572931962799832
1616856287.328052;-7.037689672050934
1616856287.4231427;-7.055310817425384
1616856287.51824;-7.2931962799804495
1616856287.6133313;-11.264561918746969
1616856287.708364;-19.009055310817455
1616856287.8034484;-20.835046500244765
1616856287.898556;-20.504650024473843
1616856287.993619;-14.764561918746969
1616856288.0887232;-8.222711698482652
1616856288.183875;-8.370288790993666
1616856288.2789207;-14.396720509055339
1616856288.3740036;-20.39672050905534
1616856288.4691095;-20.768967205090583
1616856288.56421;-20.224914341654458
1616856288.65931;-20.75354870288794
1616856288.7543974;-20.91213901125798
1616856288.849495;-20.894517865883532
1616856288.9445992;-20.916544297601593
1616856289.0396793;-19.383504650024502
1616856289.1347764;-11.25795398923155
1616856289.2298968;-5.480420949583974
1616856289.324966;-4.9011257953989515
1616856289.4200673;-4.976015663240362
1616856289.5151348;-5.035487028879128
1616856289.6102636;-5.198482623592784
1616856289.7053404;-5.348262359275604
1616856289.8004744;-5.4363680861478505
1616856289.8955312;-5.555310817425384
1616856289.9906516;-5.817425354870317
1616856290.085806;-6.105971610376925
