1616853624.1700504;-0.8847283406754559
1616853624.2487838;-0.9970631424375704
1616853624.3439815;-0.9860499265785396
1616853624.439157;-0.6578560939794206
1616853624.5343297;0.1835535976505353
1616853624.6295426;0.7386196769456895
1616853624.7246659;0.8421439060205794
1616853624.8198519;-0.3296622613803017
1616853624.915032;-0.820851688693077
1616853625.010181;-0.9772393538913149
1616853625.1053596;-0.5124816446402136
1616853625.2005446;0.12187958883996264
1616853625.295732;-0.16226138032303297
1616853625.3908923;-0.6336270190895528
1616853625.4860837;-0.5653450807635616
1616853625.5812316;-0.6688693098384515
1616853625.6764317;-0.9265785609397731
1616853625.7715876;-0.49265785609395807
1616853625.8667624;-0.1864904552129008
1616853625.9619293;-0.034508076358275255
1616853626.0571012;-0.13582966226135895
1616853626.152272;-0.847283406754751
1616853626.2474456;-1.151248164464002
1616853626.3426256;-1.4045521292217114
1616853626.4378;-1.0851688693098172
1616853626.5329752;-0.728340675477218
1616853626.6281493;-0.8627019089573942
1616853626.7233217;-0.8010279001468215
1616853626.8184967;-1.0411160058736937
1616853626.9136696;-1.0785609397943987
1616853627.0088594;-1.0609397944199492
1616853627.1040092;-1.479441997063121
1616853627.1991732;-1.2393538913362487
1616853627.294347;-0.9001468428780991
1616853627.3895168;-0.9045521292217114
1616853627.4846754;-0.9089574155653237
1616853627.5798395;-0.873715124816425
1616853627.6750102;-1.1336270190895528
1616853627.77017;-1.3340675477239141
1616853627.8653383;-1.5058737151247952
1616853627.9605384;-1.270190895741535
1616853628.0556967;-1.4045521292217114
1616853628.1508522;-1.2217327459617995
1616853628.2460954;-1.0609397944199492
1616853628.3412445;-0.9508076358296409
1616853628.4363763;-1.2878120411159846
1616853628.531521;-1.318649045521271
1616853628.6267185;-1.3935389133626805
1616853628.7219343;-1.8957415565344866
1616853628.8171012;-1.4177679882525485
1616853628.9123194;-0.8671071953010066
1616853629.0074341;-1.1336270190895528
1616853629.1025887;-1.0036710719529889
1616853629.1977777;-0.9067547723935175
1616853629.2928772;-0.8494860499265572
1616853629.3880203;-1.464023494860478
1616853629.4832206;-2.016886930983826
1616853629.5783892;-2.080763582966205
1616853629.673559;-1.464023494860478
1616853629.7687142;-1.1182085168869096
1616853629.863874;-1.0521292217327245
1616853629.9590294;-0.9684287812040903
1616853630.0541778;-1.4353891336269977
1616853630.1493444;-1.873715124816425
1616853630.2445006;-1.5301027900146629
1616853630.339687;-1.2459618208516674
1616853630.4348502;-1.5256975036710505
1616853630.530009;-1.5389133627018876
1616853630.625168;-1.767988252569729
1616853630.7204032;-1.8406754772393326
1616853630.8155568;-1.6930983847283194
1616853630.9107308;-1.453010279001447
1616853631.0058954;-1.2217327459617995
1616853631.1010435;-1.1864904552129008
1616853631.1961823;-1.6402349486049712
1616853631.2913244;-1.4486049926578348
1616853631.3865054;-1.1776798825256762
1616853631.481702;-1.228340675477218
1616853631.576877;-1.3847283406754558
1616853631.6720238;-1.4045521292217114
1616853631.7672029;-1.6600587371512268
1616853631.8623898;-2.1160058737151033
1616853631.9575489;-1.818649045521271
1616853632.0526645;-1.5014684287811828
1616853632.1478245;-1.6093979441996848
1616853632.2429936;-1.9486049926578348
1616853632.338132;-1.8825256975036497
1616853632.4332757;-1.9287812041115793
1616853632.5284302;-1.9375917767988038
1616853632.6235945;-2.2481644640234735
1616853632.7187517;-2.1997063142437376
1616853632.813901;-2.2525697503670856
1616853632.9090595;-2.256975036710698
1616853633.0042355;-2.4331864904551916
1616853633.099402;-2.613803230543297
1616853633.1945448;-2.730543318649024
1616853633.2897556;-2.7041116005873502
1616853633.3848917;-2.3825256975036497
1616853633.480031;-2.2503671071952795
1616853633.5751927;-2.0785609397943987
1616853633.6703563;-2.2371512481644427
1616853633.7655501;-2.1930983847283194
1616853633.860729;-2.107195301027879
1616853633.9558895;-2.1556534508076144
1616853634.0509856;-2.0983847283406543
1616853634.1461492;-2.113803230543297
1616853634.2412808;-2.362701908957394
1616853634.3364625;-2.5256975036710507
1616853634.4318054;-2.453010279001447
1616853634.5267968;-2.188693098384707
1616853634.621911;-2.2371512481644427
1616853634.7170703;-2.0124816446402134
1616853634.81231;-1.8759177679882313
1616853634.9074616;-1.9309838472833853
1616853635.0026226;-2.0124816446402134
1616853635.0977292;-1.9596182085168656
1616853635.1928988;-2.127019089574134
1616853635.288055;-1.9023494860499053
1616853635.3833115;-1.8693098384728126
1616853635.478411;-2.0917767988252356
1616853635.5735617;-1.715124816446381
1616853635.668708;-1.3428781204111386
1616853635.7638645;-1.7459618208516674
1616853635.8590355;-2.0785609397943987
1616853635.9541826;-1.9684287812040901
1616853636.049344;-1.7878120411159846
1616853636.144487;-1.794419970631403
1616853636.2396533;-1.9287812041115793
1616853636.3348064;-2.2393538913362487
1616853636.42997;-2.3560939794419755
1616853636.5251198;-2.173274596182064
1616853636.620293;-2.0014684287811826
1616853636.7154672;-2.003671071952989
1616853636.8106196;-1.9574155653450593
1616853636.9057786;-1.8913362701908745
1616853637.0010061;-1.9970631424375704
1616853637.0962036;-1.7481644640234735
1616853637.1912863;-1.3759177679882313
1616853637.2864468;-1.1776798825256762
1616853637.3816576;-1.3693098384728126
1616853637.4768229;-1.6292217327459404
1616853637.5718887;-1.7239353891336056
1616853637.667043;-1.9089574155653237
1616853637.762242;-1.8296622613803017
1616853637.857399;-1.464023494860478
1616853637.9525473;-1.5234948604992444
1616853638.0476716;-1.7261380323054119
1616853638.1428134;-1.7305433186490242
1616853638.237983;-1.479441997063121
1616853638.3331273;-1.0829662261380109
1616853638.4282937;-0.7107195301027687
1616853638.5234637;-0.9133627019089361
1616853638.6186118;-1.6160058737151035
1616853638.7137694;-1.8538913362701694
1616853638.808977;-1.93979441997061
1616853638.9040864;-1.796622613803209
1616853638.999254;-1.6975036710719316
1616853639.0943842;-1.8010279001468215
1616853639.1895294;-1.569750367107174
1616853639.2846766;-1.635829662261359
1616853639.3798308;-1.6424375917767775
1616853639.4750316;-1.6402349486049712
1616853639.5701425;-1.4596182085168656
1616853639.6652746;-1.3384728340675263
1616853639.7604306;-1.770190895741535
1616853639.8555746;-2.2041116005873502
1616853639.9508;-2.107195301027879
1616853640.0460606;-1.4375917767988038
1616853640.1411154;-1.0367107195300813
1616853640.236244;-1.149045521292196
1616853640.3313735;-1.3164464023494646
1616853640.4265573;-1.5873715124816232
1616853640.5217447;-1.8913362701908745
1616853640.6169038;-1.7349486049926366
1616853640.7120283;-1.6908957415565131
1616853640.8071933;-1.6270190895741343
1616853640.9023263;-1.7481644640234735
1616853640.997488;-1.8957415565344866
1616853641.0925784;-1.9706314243758964
1616853641.187712;-1.9706314243758964
1616853641.2829132;-2.0389133627018876
1616853641.378059;-2.1336270190895528
1616853641.4732227;-1.9750367107195088
1616853641.5683658;-1.792217327459597
1616853641.6635392;-1.7217327459617995
1616853641.7587683;-1.5807635829662048
1616853641.853858;-1.5234948604992444
1616853641.9491115;-1.5279001468428568
1616853642.044143;-1.5080763582966012
1616853642.1393244;-1.5345080763582752
1616853642.234473;-1.7503671071952798
1616853642.3295634;-1.9287812041115793
1616853642.424781;-1.9860499265785396
1616853642.519869;-1.8428781204111386
1616853642.6150017;-1.7657856093979227
1616853642.710144;-1.6314243759177467
1616853642.8052955;-1.569750367107174
1616853642.9005048;-1.5256975036710505
1616853642.9956577;-1.453010279001447
1616853643.090808;-1.5741556534507863
1616853643.1859767;-1.4882525697503457
1616853643.2811143;-1.5807635829662048
1616853643.3762515;-1.4750367107195088
1616853643.4713693;-1.5389133627018876
1616853643.566537;-1.7657856093979227
1616853643.6616776;-1.6446402349485836
1616853643.756906;-1.6468428781203899
1616853643.851997;-1.5323054331864692
1616853643.9471426;-1.3406754772393326
1616853644.0422838;-1.3847283406754558
1616853644.137419;-1.5256975036710505
1616853644.2325742;-1.7041116005873502
1616853644.3277223;-1.8010279001468215
1616853644.4228928;-1.8340675477239141
1616853644.5180106;-1.9045521292217114
1616853644.6131537;-1.8935389133626805
1616853644.7083077;-1.6820851688692884
1616853644.8034601;-1.4728340675477025
1616853644.8986077;-1.6600587371512268
1616853644.9937658;-1.8010279001468215
1616853645.0889914;-1.7745961820851475
1616853645.1840715;-1.5829662261380109
1616853645.2792077;-1.2613803230543106
1616853645.3743415;-1.1688693098384515
1616853645.4695072;-1.2569750367106982
1616853645.5646353;-1.5389133627018876
1616853645.6598325;-1.5301027900146629
1616853645.7549336;-1.5323054331864692
1616853645.8500602;-1.7878120411159846
1616853645.9452019;-1.649045521292196
1616853646.040346;-1.6204111600587159
1616853646.1354933;-1.6710719530102576
1616853646.2306805;-1.6997063142437379
1616853646.3258471;-1.701908957415544
1616853646.4209871;-1.7129221732745747
1616853646.5161219;-1.818649045521271
1616853646.6112568;-1.9199706314243545
1616853646.7064219;-1.8428781204111386
1616853646.8015492;-1.8494860499265573
1616853646.896756;-1.926578560939773
1616853646.9919167;-1.9464023494860285
1616853647.087061;-1.8252569750366894
1616853647.1822093;-1.847283406754751
1616853647.2772975;-1.823054331864883
1616853647.3724325;-1.7503671071952798
1616853647.4675632;-1.8428781204111386
1616853647.5627055;-1.9155653450807422
1616853647.6578515;-1.7393538913362487
1616853647.7530067;-1.6314243759177467
1616853647.8481638;-1.7129221732745747
1616853647.9433348;-1.8560939794419757
1616853648.0385141;-1.9970631424375704
1616853648.1336343;-1.950807635829641
1616853648.2288036;-1.9772393538913149
1616853648.323932;-2.005873715124795
1616853648.4191022;-2.0455212922173063
1616853648.5141916;-1.9970631424375704
1616853648.6093414;-1.9045521292217114
1616853648.7045455;-1.8164464023494646
1616853648.7996974;-1.845080763582945
1616853648.8948016;-1.8516886930983634
1616853648.989928;-1.7393538913362487
1616853649.085062;-0.21512481644638098
1616853649.1802154;0.6769456681351168
1616853649.2753782;0.20337738619679083
1616853649.3705003;0.19676945668137233
1616853649.4656384;0.37298091042586573
1616853649.56077;0.4060205580029582
1616853649.655927;0.38179148311309036
1616853649.7510874;0.37518355359767186
1616853649.84624;0.4192364170337952
1616853649.941351;0.37298091042586573
1616853650.0364928;0.2936857562408437
1616853650.1316216;0.1637298091042798
1616853650.2267864;0.232011747430271
1616853650.3219242;0.2672540381791697
1616853650.4170535;0.3046989720998745
1616853650.5122159;0.3024963289280684
1616853650.6073506;0.2958883994126499
1616853650.7025616;0.2254038179148525
1616853650.7986767;0.25403817914833265
1616853650.893814;0.2650513950073635
1616853650.98898;0.35535976505141637
1616853651.0841153;0.3179148311307115
1616853651.179289;0.3069016152716807
1616853651.274563;0.19016152716595383
1616853651.3696072;0.03157121879590977
1616853651.464758;0.0007342143906234243
1616853651.5599334;-0.02129221732743825
1616853651.655088;-0.05212922173272459
1616853651.7502627;0.14390602055802432
1616853651.8454108;0.4676945668135309
1616853651.9405794;0.48972099853159257
1616853652.0359025;0.24963289280472034
1616853652.1309624;0.007342143906041926
1616853652.2261739;-0.04772393538911226
1616853652.321287;-0.0983847283406541
1616853652.4164906;-0.01248164464021358
1616853652.51162;-0.005873715124795078
1616853652.6067955;0.018355359765072764
1616853652.7019305;0.09985315712190096
1616853652.7971458;0.018355359765072764
1616853652.892261;-0.18428781204109465
1616853652.9874606;-0.1534508076358083
1616853653.0825782;0.05580029368577761
1616853653.1777773;0.042584434654940606
1616853653.2728946;-0.04992657856091843
1616853653.3681383;-0.07415565345078627
1616853653.4632149;-0.10058737151246028
1616853653.5583885;-0.1049926578560726
1616853653.6535172;-0.023494860499244416
1616853653.7486837;-0.06975036710717393
1616853653.8438249;-0.21071953010276864
1616853653.9389675;-0.16446402349483913
1616853654.0340905;-0.14904552129219595
1616853654.1281936;-0.34508076358294487
1616853654.2232907;-0.38032305433184355
1616853654.3184261;-0.3362701908957202
1616853654.4135985;-0.267988252569729
1616853654.5087335;-0.15785609397942063
1616853654.6038268;-0.1798825256974823
1616853654.6989443;-0.30543318649043383
1616853654.7940695;-0.38913362701906823
1616853654.8891795;-0.34508076358294487
1616853654.984255;-0.24375917767986116
1616853655.079374;-0.26358296622611666
1616853655.1744952;-0.3142437591776585
1616853655.2695892;-0.558737151248143
1616853655.3647087;-0.5345080763582752
1616853655.4598172;-0.4441997063142224
1616853655.5549479;-0.4706314243758964
1616853655.6500537;-0.6975036710719317
1616853655.7451656;-0.9464023494860285
1616853655.84029;-0.8450807635829448
1616853655.9353988;-0.6005873715124602
1616853656.0305002;-0.3120411160058523
1616853656.1256135;-0.10939794419968495
1616853656.220781;-0.2481644640234735
1616853656.3158886;-0.5014684287811827
1616853656.4109523;-0.23054331864902416
1616853656.5060747;-0.28560939794417833
1616853656.6012087;-0.38913362701906823
1616853656.6962955;-0.29001468428779065
1616853656.7913768;-0.04992657856091843
1616853656.8865883;-0.1270190895741343
1616853656.9816155;-0.3142437591776585
1616853657.0767899;-0.01908957415563208
1616853657.1718662;0.14390602055802432
1616853657.2669744;-0.4177679882525484
1616853657.3621168;-0.6688693098384515
1616853657.4572155;-0.5168869309838259
1616853657.5523012;-0.6644640234948391
1616853657.6474586;-0.7657856093979228
1616853657.742586;-0.4464023494860286
1616853657.8376389;-0.30763582966224
1616853657.932783;-0.4486049926578347
1616853658.0279224;-0.6776798825256761
1616853658.123075;-0.7481644640234735
1616853658.2182217;-0.7129221732745749
1616853658.3133323;-0.6732745961820638
1616853658.4084795;-0.6578560939794206
1616853658.5035849;-0.7525697503670858
1616853658.5988219;13.412628487518377
1616853659.0218127;-0.7591776798825043
1616853659.1169405;-0.7437591776798611
1616853659.2120845;-0.6644640234948391
1616853659.3071918;-0.6380323054331651
1616853659.40233;-0.5763582966225924
1616853659.4973843;-0.49926578560937657
1616853659.5925577;-0.4904552129221519
1616853659.6876252;-0.7393538913362488
1616853659.7827635;-0.9199706314243545
1616853659.877891;-1.0675477239353677
1616853659.9730856;-1.1160058737151035
1616853660.0681925;-1.0587371512481432
1616853660.1633353;-1.0587371512481432
1616853660.258469;-0.9750367107195087
1616853660.353595;-0.8957415565344867
1616853660.4487395;-1.0036710719529889
1616853660.5438073;-1.424375917767967
1616853660.6389503;-1.2613803230543106
1616853660.7340736;-0.7834067547723722
1616853660.8291898;-0.7745961820851475
1616853660.9243183;-1.1049926578560727
1616853661.0195038;-0.728340675477218
1616853661.1146173;-0.347283406754751
1616853661.2097273;-0.57195301027898
1616853661.3048608;-0.9948604992657643
1616853661.3999603;-1.3142437591776586
1616853661.4950778;-1.124816446402328
1616853661.5901918;-0.7723935389133413
1616853661.685327;-0.7635829662261167
1616853661.7804468;-0.8252569750366894
1616853661.8756554;-0.8935389133626805
1616853661.9707487;-0.9199706314243545
1616853662.0658243;-1.0631424375917555
1616853662.1609464;-1.0256975036710505
1616853662.2560945;-1.0741556534507863
1616853662.3511808;-1.1270190895741343
1616853662.4463432;-1.0080763582966012
1616853662.5415099;-0.9199706314243545
1616853662.636571;-0.9111600587371299
1616853662.7316866;-0.9287812041115793
1616853662.8268023;-0.8428781204111387
1616853662.9219778;-0.7305433186490241
1616853663.0170984;-0.7085168869309625
1616853663.1122096;-0.7129221732745749
1616853663.2073407;-0.5168869309838259
1616853663.3024528;-0.5983847283406541
1616853663.3975909;-0.8913362701908744
1616853663.4927166;-0.8252569750366894
1616853663.5877998;-0.8450807635829448
1616853663.682913;-0.7790014684287598
1616853663.7780395;-0.7019089574155439
1616853663.873207;-0.8230543318648832
1616853663.9683223;-0.8693098384728127
1616853664.0634215;-0.9155653450807422
1616853664.158587;-0.7988252569750154
1616853664.2537158;-0.6446402349485836
1616853664.348829;-0.6842878120410947
1616853664.4439483;-0.847283406754751
1616853664.5390537;-0.9067547723935175
1616853664.634151;-0.9816446402349273
1616853664.729264;-0.9441997063142223
1616853664.8243895;-0.9089574155653237
1616853664.919541;-0.8538913362701696
1616853665.0146906;-0.6402349486049713
1616853665.1098137;-0.9045521292217114
1616853665.2050383;-1.3803230543318434
1616853665.3000097;-1.413362701908936
1616853665.3951216;-0.9397944199706101
1616853665.4902415;-0.7371512481644427
1616853665.5853465;-0.5675477239353678
1616853665.680511;-0.41336270190893604
1616853665.7756655;-0.25697503671069816
1616853665.870755;0.5073421439060419
1616853665.9658744;1.9412628487518568
1616853666.0610514;4.8421439060205795
1616853666.1561778;10.333333333333355
1616853666.2512162;19.39280469897212
1616853666.3463485;27.216593245227628
1616853666.4414694;38.434654919236436
1616853666.536594;48.90602055800296
1616853666.6317494;57.57782672540384
1616853666.7268846;66.04478707782674
1616853666.8220015;72.99412628487521
1616853666.9171243;78.2782672540382
1616853667.012268;84.15051395007345
1616853667.1073792;92.56020558002939
1616853667.2024674;104.26284875183556
1616853667.2975864;118.28267254038181
1616853667.3926995;131.33773861967697
1616853667.4878573;144.72320117474305
1616853667.58297;156.5910425844347
1616853667.678098;160.58443465491925
1616853667.7731469;161.20117474302498
1616853667.8682518;153.46549192364174
1616853667.9633782;125.97430249632895
1616853668.0584705;89.95888399412631
1616853668.1536932;74.22099853157124
1616853668.2487576;69.05359765051396
1616853668.3438911;58.38839941262851
1616853668.4390182;48.890602055800315
1616853668.5342655;41.00513950073424
1616853668.629282;34.146108663729834
1616853668.7243645;27.046989720998553
1616853668.8194833;23.040381791483135
1616853668.914605;21.17914831130692
1616853669.0097444;18.276064610866396
1616853669.1048608;15.086637298091064
1616853669.1999846;12.397209985315733
1616853669.2951596;9.4919236417034
1616853669.3902261;5.392804698972121
1616853669.4853563;1.1328928046989934
1616853669.5805252;-1.4992657856093765
1616853669.6755867;-2.1512481644640022
1616853669.770696;-2.386930983847262
1616853669.8658283;-2.5543318649045306
1616853669.9609907;-3.2966226138032093
1616853670.0560918;-3.7856093979441785
1616853670.151183;-4.263582966226116
1616853670.2463107;-4.521292217327439
1616853670.341421;-4.906754772393517
1616853670.4365513;-5.554331864904531
1616853670.531661;-5.895741556534487
1616853670.6268034;-5.8032305433186275
1616853670.7219152;-6.149045521292196
1616853670.8170547;-6.492657856093958
1616853670.9121318;-6.8384728340675265
1616853671.0072496;-7.096182085168848
1616853671.1023571;-7.391336270190874
1616853671.197464;-8.151248164464002
1616853671.2926166;-8.15785609397942
1616853671.3877478;-7.56093979441995
1616853671.4827993;-7.845080763582945
1616853671.577915;-8.089574155653429
1616853671.673027;-8.056534508076338
1616853671.7681482;-8.063142437591756
1616853671.8633132;-8.479441997063121
1616853671.9586082;-8.809838472834047
1616853672.0536025;-8.827459618208495
1616853672.1486602;-8.673274596182063
1616853672.2437658;-9.016886930983826
1616853672.33889;-9.102790014684267
1616853672.4340162;-9.162261380323033
1616853672.5292096;-4.631424375917747
1616853672.9520833;-6.39353891336268
1616853673.047196;-3.913362701908936
1616853673.142354;-3.6446402349485836
1616853673.2374344;-3.265785609397923
1616853673.332521;-4.948604992657835
1616853673.4276361;-6.6600587371512265
1616853673.5227423;-5.435389133626998
1616853673.6178386;-6.8384728340675265
1616853673.7130246;-5.57195301027898
1616853673.8080363;-3.2503671071952795
1616853673.903136;-6.186490455212901
1616853673.9982631;-6.928781204111579
1616853674.0934415;-3.7459618208516674
1616853674.1885514;-3.8120411160058523
1616853674.283665;-5.8649045521292
1616853674.378743;-5.27900146842876
1616853674.4738617;-5.184287812041094
1616853674.5689676;-5.734948604992637
1616853674.6640139;-8.001468428781182
1616853674.7590964;-5.406754772393517
1616853674.8542066;-6.402349486049905
1616853674.9493234;-7.41116005873713
1616853675.0444117;-7.347283406754751
1616853675.1395323;-6.994860499265764
1616853675.2346437;-5.673274596182064
1616853675.3297563;-5.9816446402349275
1616853675.4248586;-8.596182085168849
1616853675.5199687;-8.256975036710697
1616853675.615083;-6.168869309838452
1616853675.710213;-8.005873715124794
1616853675.8053107;-8.074155653450786
1616853675.9004166;-6.342878120411139
1616853675.9955196;-7.787812041115984
1616853676.0906436;-8.673274596182063
1616853676.1857495;-7.8032305433186275
1616853676.2808502;-7.1226138032305215
1616853676.3759785;-5.567547723935368
1616853676.4710479;-8.003671071952988
1616853676.5661821;-7.4441997063142225
1616853676.661271;-7.730543318649024
1616853676.7564168;-8.889133627019069
1616853676.8515222;-10.056534508076338
1616853676.9466257;-10.847283406754752
1616853677.0417867;-8.078560939794398
1616853677.1368978;-8.759177679882505
1616853677.2320023;-9.067547723935368
1616853677.3271115;-8.552129221732725
1616853677.4222229;-7.142437591776777
1616853677.5173376;-7.049926578560918
1616853677.6124315;-8.252569750367085
1616853677.7074938;-9.065345080763562
1616853677.8026369;-9.653450807635808
1616853677.897748;-11.012481644640214
1616853677.9928455;-9.726138032305412
1616853678.087952;-10.003671071952988
1616853678.18305;-8.065345080763562
1616853678.2781696;-9.133627019089554
1616853678.373239;-9.783406754772372
1616853678.4683301;-11.699706314243738
1616853678.5634723;-12.0080763582966
1616853678.6585507;-14.104992657856073
1616853678.7537305;-15.301027900146822
1616853678.8498282;-11.699706314243738
1616853678.9449406;-10.281204111600566
1616853679.0405238;-9.259177679882505
1616853679.1353207;-7.111600587371491
1616853679.2303493;-8.133627019089554
1616853679.3255823;-11.530102790014663
1616853679.4206078;-12.373715124816425
1616853679.5157435;-11.593979441997043
1616853679.6108305;-10.241556534508055
1616853679.7059886;-10.241556534508055
1616853679.8010674;-10.631424375917746
1616853679.8962207;-9.972834067547703
1616853679.9913216;-11.16886930983845
1616853680.0864744;-10.523494860499245
1616853680.1815946;-12.098384728340655
1616853680.2767434;-12.241556534508055
1616853680.3718266;-9.464023494860477
1616853680.4669847;-9.697503671071932
1616853680.5620885;-12.186490455212901
1616853680.6572428;-12.792217327459596
1616853680.7523625;-11.60058737151246
1616853680.8475118;-13.63582966226136
1616853680.942604;-12.613803230543297
1616853681.0377629;-9.763582966226117
1616853681.1328547;-11.805433186490434
1616853681.2280414;-14.913362701908936
1616853681.3231266;-15.20411160058735
1616853681.4182332;-12.54992657856092
1616853681.5133426;-12.433186490455192
1616853681.608468;-14.7217327459618
1616853681.7035887;-14.17547723935387
1616853681.798714;-14.609397944199685
1616853681.8938386;-16.184287812041095
1616853681.9889743;-14.02569750367105
1616853682.0830233;-13.545521292217305
1616853682.178137;-15.184287812041095
1616853682.2732396;-15.76798825256973
1616853682.368348;-14.33627019089572
1616853682.4634778;-12.503671071952988
1616853682.5585704;-14.0080763582966
1616853682.6536822;-13.673274596182063
1616853682.7487788;-14.395741556534487
1616853682.8439436;-16.109397944199685
1616853682.9390483;-17.519089574155633
1616853683.034087;-18.419970631424356
1616853683.129163;-20.481644640234926
1616853683.2242665;-21.849486049926558
1616853683.3193738;-20.82525697503669
1616853683.4144578;-22.34728340675475
1616853683.509562;-23.243759177679863
1616853683.6047213;-25.829662261380303
1616853683.6997623;-27.64684287812039
1616853683.794908;-28.041116005873693
1616853683.8899593;-26.098384728340655
1616853683.985047;-23.510279001468408
1616853684.0801585;-25.752569750367087
1616853684.1752462;-26.415565345080743
1616853684.270341;-26.748164464023475
1616853684.3654928;-28.228340675477217
1616853684.4605114;-26.609397944199685
1616853684.5555835;-25.64684287812039
1616853684.6507425;-25.071953010278982
1616853684.7458298;-28.09618208516885
1616853684.8409026;-26.712922173274574
1616853684.9360893;-24.627019089574134
1616853685.0310962;-25.389133627019067
1616853685.1261563;-27.168869309838453
1616853685.2212298;-26.49265785609396
1616853685.3164191;-25.31864904552127
1616853685.4114614;-25.329662261380303
1616853685.5065575;-24.155653450807616
1616853685.6016963;-25.049926578560918
1616853685.696838;-27.752569750367087
1616853685.7919507;-28.426578560939774
1616853685.8870022;-26.46842878120409
1616853685.9820936;-25.924375917767968
1616853686.077177;-26.84728340675475
1616853686.1722636;-26.999265785609378
1616853686.2673516;-26.67107195301026
1616853686.3624287;-27.781204111600566
1616853686.457561;-28.199706314243738
1616853686.552617;-27.933186490455192
1616853686.6476777;-26.08957415565343
1616853686.7427711;-24.019089574155633
1616853686.8378701;-27.624816446402328
1616853686.9329782;-28.662261380323034
1616853687.0281456;-25.058737151248142
1616853687.1232128;-25.285609397944178
1616853687.218307;-24.16446402349484
1616853687.313396;-28.413362701908937
1616853687.4086108;-30.049926578560918
1616853687.5036266;-28.580763582966206
1616853687.5986938;-25.92878120411158
1616853687.6938024;-25.569750367107172
1616853687.7888732;-27.787812041115984
1616853687.8839207;-27.138032305433164
1616853687.9790258;-28.234948604992635
1616853688.0741467;-28.51468428781202
1616853688.1692579;-28.53230543318647
1616853688.2642884;-28.688693098384707
1616853688.3593605;-26.027900146842857
1616853688.454455;-25.52569750367105
1616853688.5495603;-25.915565345080743
1616853688.6446733;-26.79001468428779
1616853688.7397308;-27.327459618208497
1616853688.834824;-27.633627019089552
1616853688.9299147;-27.66446402349484
1616853689.0250142;-29.03671071953008
1616853689.1201203;-28.67547723935387
1616853689.215218;-28.010279001468408
1616853689.3102944;-26.20411160058735
1616853689.4053886;-28.005873715124796
1616853689.5004883;-28.84287812041114
1616853689.5955656;-28.69309838472832
1616853689.6906478;-27.475036710719507
1616853689.7857368;-28.67547723935387
1616853689.8808196;-28.527900146842857
1616853689.9759946;-28.571953010278982
1616853690.0721004;-27.96182085168867
1616853690.1671627;-27.774596182085148
1616853690.2622352;-26.17547723935387
1616853690.3573644;-26.64684287812039
1616853690.4524493;-25.69309838472832
1616853690.5476978;-25.223935389133604
1616853690.6427143;-27.935389133626998
1616853690.7378242;-28.30102790014682
1616853690.8329318;-29.31864904552127
1616853690.9280589;-28.219530102789992
1616853691.0231528;-27.190895741556513
1616853691.118276;-27.4728340675477
1616853691.2133598;-26.349486049926558
1616853691.3084588;-26.953010279001447
1616853691.4035885;-27.708516886930962
1616853691.4986892;-26.58957415565343
