1616859700.4376676;0.0
1616859700.5318909;0.0
1616859700.62617;0.0
1616859700.7204626;0.0
1616859700.814742;0.0
1616859700.9090333;0.0
1616859701.0033402;0.0
1616859701.097612;0.0
1616859701.1919048;0.0
1616859701.2861955;0.0
1616859701.3804967;0.0
1616859701.4747775;0.0
1616859701.5690837;0.0
1616859701.6633658;0.0
1616859701.7576554;0.0
1616859701.8519552;0.0
1616859701.9463193;0.0
1616859702.0406268;0.0
1616859702.1354408;0.0
1616859702.2297182;0.0
1616859702.3241448;0.0
1616859702.4184988;0.0
1616859702.5126667;0.0
1616859702.6071725;0.0
1616859702.7015574;0.0
1616859702.7957606;0.0
1616859702.8899276;0.0
1616859702.9842045;0.0
1616859703.078636;0.0
1616859703.17287;0.0
1616859703.2672472;0.0
1616859703.686631;0.0
1616859703.7808769;0.0
1616859703.8751426;0.0
1616859703.9694448;0.0
1616859704.063839;0.0
1616859704.1580694;0.0
1616859704.2523954;0.0
1616859704.3466663;0.0
1616859704.4409778;0.0
1616859704.5352814;0.0
1616859704.6295884;0.0
1616859704.7239046;0.0
1616859704.8182065;0.0
1616859704.9125626;0.0
1616859705.006833;0.0
1616859705.1011548;0.0
1616859705.1954613;0.0
1616859705.2897806;0.0
1616859705.3835087;0.0
1616859705.4778225;0.0
1616859705.5721185;0.0
1616859705.6663985;0.0
1616859705.7606704;0.0
1616859705.8549411;0.0
1616859705.9492178;0.0
1616859706.0434847;0.0
1616859706.1377509;0.0
1616859706.232025;0.0
1616859706.3263109;0.0
1616859706.4205945;0.0
1616859706.5148795;0.0
1616859706.609167;0.0
1616859706.7034545;0.0
1616859706.79775;0.0
1616859706.892045;0.0
1616859706.9863355;0.0
1616859707.0806208;0.0
1616859707.1749055;0.0
1616859707.2691915;0.0
1616859707.363483;0.0
1616859707.4577696;0.0
1616859707.5520597;0.0
1616859707.6464293;0.0
1616859707.741133;0.0
1616859707.83542;0.0
1616859707.9297225;0.0
1616859708.0240262;0.0
1616859708.118334;0.0
1616859708.2128255;0.0
1616859708.3069866;0.0
1616859708.401265;0.0
1616859708.4955685;0.0
1616859708.589898;0.0
1616859708.6842005;0.0
1616859708.7784984;0.0
1616859708.872843;0.0
1616859708.9671135;0.0
1616859709.0614202;0.0
1616859709.1557338;0.0
1616859709.2500255;0.0
1616859709.3443367;0.0
1616859709.4386456;0.0
1616859709.5329757;0.0
1616859709.627275;0.0
1616859709.7215848;0.0
1616859709.8158972;0.0
1616859709.9102116;0.0
1616859710.0045195;0.0
1616859710.0988367;0.0
1616859710.193185;0.0
1616859710.2874596;0.0
1616859710.381768;0.0
1616859710.4760678;0.0
1616859710.5703692;0.0
1616859710.6646886;0.0
1616859710.7589886;0.0
1616859710.8532975;0.0
1616859710.947123;0.0
1616859711.041423;0.0
1616859711.1356983;0.0
1616859711.2299893;0.0
1616859711.3242764;0.0
1616859711.4185648;0.0
1616859711.5128553;0.0
1616859711.6071506;0.0
1616859711.7014358;0.0
1616859711.7957158;0.0
1616859711.890009;0.0
1616859711.9843028;0.0
1616859712.0785835;0.0
1616859712.1728673;0.0
1616859712.267152;0.0
1616859712.3614314;0.0
1616859712.4557176;0.0
1616859712.5500026;0.0
1616859712.6442902;0.0
1616859712.738583;0.0
1616859712.8328636;0.0
1616859712.9271555;0.0
1616859713.0214415;0.0
1616859713.1157386;0.0
1616859713.2100606;0.0
1616859713.3048568;0.0
1616859713.399102;0.0
1616859713.4933915;0.0
1616859713.5877073;0.0
1616859713.6820045;0.0
1616859713.7763064;0.0
1616859713.8707564;0.0
1616859713.9649227;0.0
1616859714.0592036;0.0
1616859714.1535134;0.0
1616859714.24781;0.0
1616859714.3421187;0.0
1616859714.436418;0.0
1616859714.5307224;0.0
1616859714.6250265;0.0
1616859714.719331;0.0
1616859714.8136456;0.0
1616859714.9079404;0.0
1616859715.0022745;0.0
1616859715.0965464;0.0
1616859715.1908624;0.0
1616859715.285164;0.0
1616859715.3794644;0.0
1616859715.4737446;0.0
1616859715.568037;0.0
1616859715.6623607;0.0
1616859715.7566357;0.0
1616859715.8509364;0.0
1616859715.9452426;0.0
1616859716.039539;0.0
1616859716.133841;0.0
1616859716.228147;0.0
1616859716.3224804;0.0
1616859716.4167588;0.0
1616859716.5110707;0.0
1616859716.604898;0.0
1616859716.6991909;0.0
1616859716.7934802;0.0
1616859716.8877711;0.0
1616859716.982065;0.0
1616859717.0763466;0.0
1616859717.1706302;0.0
1616859717.2649162;0.0
1616859717.3591967;0.0
1616859717.453477;0.0
1616859717.547758;0.0
1616859717.6420405;0.0
1616859717.7363322;0.0
1616859717.8306134;0.0
1616859717.9249024;0.0
1616859718.0191946;0.0
1616859718.1134756;0.0
1616859718.2077644;0.0
1616859718.3020544;0.0
1616859718.396346;0.0
1616859718.4906304;0.0
1616859718.5849295;0.0
1616859718.6792133;0.0
1616859718.7735016;0.0
1616859718.867868;0.0
1616859718.9625983;0.0
1616859719.0568569;0.0
1616859719.1511462;0.0
1616859719.245438;0.0
1616859719.3397515;0.0
1616859719.4341965;0.0
1616859719.528389;0.0
1616859719.6226914;0.0
1616859719.7169616;0.0
1616859719.8112812;0.0
1616859719.9055922;0.0
1616859719.9998949;0.0
1616859720.094216;0.0
1616859720.1885176;0.0
1616859720.2828536;0.0
1616859720.3771338;0.0
1616859720.4714403;0.0
1616859720.5657403;0.0
1616859720.6600482;0.0
1616859720.7543595;0.0
1616859720.8486605;0.0
1616859720.9429905;0.0
1616859721.0372806;0.0
1616859721.1315804;0.0
1616859721.2258832;0.0
1616859721.3201804;0.0
1616859721.4144948;0.0
1616859721.508815;0.0
1616859721.6031475;0.0
1616859721.6974244;0.0
1616859721.7917366;0.0
1616859721.8860452;0.0
1616859721.9803572;0.0
1616859722.0746658;0.0
1616859722.1684926;0.0
1616859722.26277;0.0
1616859722.35705;0.0
1616859722.4513307;0.0
1616859722.545619;0.0
1616859722.6399007;0.0
1616859722.734189;0.0
1616859722.8284779;0.0
1616859722.9227633;0.0
1616859723.01705;0.0
1616859723.1113362;0.0
1616859723.2056286;0.0
1616859723.2999096;0.0
1616859723.394202;0.0
1616859723.4884953;0.0
1616859723.5827801;0.0
1616859723.6771507;0.0
1616859723.771369;0.0
1616859723.8656366;0.0
1616859723.9599125;0.0
1616859724.0541961;0.0
1616859724.148473;0.0
1616859724.242759;0.0
1616859724.3370302;0.0
1616859724.4313734;0.0
1616859724.526152;0.0
1616859724.6203823;0.0
1616859724.714674;0.0
1616859724.8089654;0.0
1616859724.9032516;0.0
1616859724.9975464;0.0
1616859725.0919914;0.0
1616859725.186168;0.0
1616859725.2804713;0.0
1616859725.3747828;0.0
1616859725.4690845;0.0
1616859725.5633938;0.0
1616859725.6576848;0.0
1616859725.7519805;0.0
1616859725.84628;0.0
1616859725.9405794;0.0
1616859726.034881;0.0
1616859726.1291835;0.0
1616859726.2234983;0.0
1616859726.3178036;0.0
1616859726.4120984;0.0
1616859726.506402;0.0
1616859726.6007195;0.0
1616859726.6950169;0.0
1616859726.7893224;0.0
1616859726.8836253;0.0
1616859726.9779305;0.0
1616859727.0722682;0.0
1616859727.1665516;0.0
1616859727.2608562;0.0
1616859727.3551602;0.0
1616859727.4494624;0.0
1616859727.5437667;0.0
1616859727.6380744;0.0
1616859727.7323909;0.0
1616859727.8261955;0.0
1616859727.920476;0.0
1616859728.0147672;0.0
1616859728.109052;0.0
1616859728.2033381;0.0
1616859728.297622;0.0
1616859728.3919158;0.0
1616859728.4862006;0.0
1616859728.580491;0.0
1616859728.6748047;0.0
1616859728.7690635;0.0
1616859728.8633413;0.0
1616859728.9576235;0.0
1616859729.0519097;0.0
1616859729.1461868;0.0
1616859729.2404654;0.0
1616859729.3347485;0.0
1616859729.4290347;0.0
1616859729.5233152;0.0
1616859729.6175952;0.0
1616859729.711892;0.0
1616859729.8061752;0.0
1616859729.9004586;0.0
1616859729.9947493;0.0
1616859730.0891125;0.0
1616859730.183812;0.0
1616859730.2780914;0.0
1616859730.3724186;0.0
1616859730.4666984;0.0
1616859730.5609882;0.0
1616859730.655447;0.0
1616859730.749624;0.0
1616859730.8438964;0.0
1616859730.9381864;0.0
1616859731.0325284;0.0
1616859731.1267974;0.0
1616859731.221096;0.0
1616859731.3153946;0.0
1616859731.4097068;0.0
1616859731.5040126;0.0
1616859731.5983188;0.0
1616859731.6926491;0.0
1616859731.7869275;0.0
1616859731.881231;0.0
1616859731.9755275;0.0
1616859732.069832;0.0
1616859732.164142;0.0
1616859732.2584429;0.0
1616859732.3527648;0.0
1616859732.4470427;0.0
1616859732.54135;0.0
1616859732.6356547;0.0
1616859732.7299528;0.0
1616859732.8242586;0.0
1616859732.9187453;0.0
1616859733.0129228;0.0
1616859733.107175;0.0
1616859733.201475;0.0
1616859733.2957842;0.0
1616859733.389614;0.0
1616859733.4838974;0.0
1616859733.5781918;0.0
1616859733.6724858;0.0
1616859733.766823;0.0
1616859733.8610597;0.0
1616859733.9553251;0.0
1616859734.0496054;0.0
1616859734.1438856;0.0
1616859734.2381642;0.0
1616859734.332454;0.0
1616859734.4267251;0.0
1616859734.521008;0.0
1616859734.615295;0.0
1616859734.7095716;0.0
1616859734.8038895;0.0
1616859734.898122;0.0
1616859734.9924223;0.0
1616859735.086692;0.0
1616859735.1809855;0.0
1616859735.2752733;0.0
1616859735.3695626;0.0
1616859735.4638538;0.0
1616859735.558137;0.0
1616859735.6525047;0.0
1616859735.7472599;0.0
1616859735.8414927;0.0
1616859735.9357727;0.0
1616859736.0300677;0.0
1616859736.1243699;0.0
1616859736.218666;0.0
1616859736.3131435;0.0
1616859736.4072824;0.0
1616859736.5015755;0.0
1616859736.5958807;0.0
1616859736.690194;0.0
1616859736.784492;0.0
1616859736.8788078;0.0
1616859736.9731312;0.0
1616859737.0674176;0.0
1616859737.1617332;0.0
1616859737.2560391;0.0
1616859737.350343;0.0
1616859737.4446385;0.0
1616859737.538945;0.0
1616859737.633239;0.0
1616859737.7275534;0.0
1616859737.8218534;0.0
1616859737.9161575;0.0
1616859738.0104687;0.0
1616859738.104782;0.0
1616859738.1990845;0.0
1616859738.2934005;0.0
1616859738.387705;0.0
1616859738.4820082;0.0
1616859738.5763252;0.0
1616859738.6706352;0.0
1616859738.7649887;0.0
1616859738.859261;0.0
1616859738.9535491;0.0
1616859739.04737;0.0
1616859739.1416516;0.0
1616859739.2359335;0.0
1616859739.3302186;0.0
1616859739.4245026;0.0
1616859739.518788;0.0
1616859739.6130795;0.0
1616859739.7073648;0.0
1616859739.8016598;0.0
1616859739.8960035;0.0
1616859739.9902437;0.0
1616859740.0845196;0.0
1616859740.178813;0.0
1616859740.273101;0.0
1616859740.3673882;0.0
1616859740.461683;0.0
1616859740.5559714;0.0
1616859740.6502585;0.0
1616859740.7445476;0.0
1616859740.838839;0.0
1616859740.933119;0.0
1616859741.0274146;0.0
1616859741.1216905;0.0
1616859741.215978;0.0
1616859741.3103426;0.0
1616859741.405058;0.0
1616859741.4993465;0.0
1616859741.5936599;0.0
1616859741.6879585;0.0
1616859741.7822852;0.0
1616859741.8767328;0.0
1616859741.9709175;0.0
1616859742.0652015;0.0
1616859742.159506;0.0
1616859742.2538285;0.0
1616859742.3481324;0.0
1616859742.4424546;0.0
1616859742.5367427;0.0
1616859742.6310458;0.0
1616859742.725356;0.0
1616859742.8196561;0.0
1616859742.913976;0.0
1616859743.0082676;0.0
1616859743.1025913;0.0
1616859743.1968672;0.0
1616859743.2911663;0.0
1616859743.3854685;0.0
1616859743.4797654;0.0
1616859743.574068;0.0
1616859743.6683633;0.0
1616859743.7626894;0.0
1616859743.8569913;0.0
1616859743.9512992;0.0
1616859744.0456011;0.0
1616859744.1399035;0.0
1616859744.2342124;0.0
1616859744.3285205;0.0
1616859744.4228525;0.0
1616859744.5171325;0.0
1616859744.6109624;0.0
1616859744.7052553;0.0
1616859744.7995448;0.0
1616859744.8938394;0.0
1616859744.9881294;0.0
1616859745.0824325;0.0
1616859745.1767066;0.0
1616859745.2710035;0.0
1616859745.365297;0.0
1616859745.4595895;0.0
1616859745.5538845;0.0
1616859745.648173;0.0
1616859745.7424686;0.0
1616859745.8367405;0.0
1616859745.931031;0.0
1616859746.0253148;0.0
1616859746.1196055;0.0
1616859746.2138894;0.0
1616859746.3081765;0.0
1616859746.402484;0.0
1616859746.496759;0.0
1616859746.5910487;0.0
1616859746.685339;0.0
1616859746.7796354;0.0
1616859746.8739805;0.0
1616859746.9687545;0.0
1616859747.0630312;0.0
1616859747.157314;0.0
1616859747.2516234;0.0
1616859747.3459272;0.0
1616859747.4402294;0.0
1616859747.5346973;0.0
1616859747.6288614;0.0
1616859747.723205;0.0
1616859747.8174658;0.0
1616859747.911766;0.0
1616859748.0060792;0.0
1616859748.100395;0.0
1616859748.194707;0.0
1616859748.2890222;0.0
1616859748.3833306;0.0
1616859748.4776495;0.0
1616859748.5719616;0.0
1616859748.6662776;0.0
1616859748.7605867;0.0
1616859748.8549097;0.0
1616859748.9492226;0.0
1616859749.0435345;0.0
1616859749.1378512;0.0
1616859749.2321568;0.0
1616859749.32646;0.0
1616859749.4207742;0.0
1616859749.5150845;0.0
1616859749.6093984;0.0
1616859749.7037144;0.0
1616859749.7980251;0.0
1616859749.8923686;0.0
1616859749.986662;0.0
1616859750.0809743;0.0
1616859750.1752925;0.0
1616859750.26913;0.0
1616859750.363425;0.0
1616859750.4577193;0.0
1616859750.5520227;0.0
1616859750.6463144;0.0
1616859750.7406054;0.0
1616859750.8348994;0.0
1616859750.9291954;0.0
1616859751.0235045;0.0
1616859751.117793;0.0
1616859751.2120893;0.0
1616859751.3063848;0.0
1616859751.4006774;0.0
1616859751.4949718;0.0
1616859751.5892696;0.0
1616859751.6835675;0.0
1616859751.7778606;0.0
1616859751.872157;0.0
1616859751.9664466;0.0
1616859752.0607429;0.0
1616859752.15504;0.0
1616859752.2493296;0.0
1616859752.3436275;0.0
1616859752.4379165;0.0
1616859752.5323095;0.0
1616859752.627013;0.0
1616859752.7212868;0.0
1616859752.8155868;0.0
1616859752.9098988;0.0
1616859753.004201;0.0
1616859753.0986688;0.0
1616859753.192878;0.0
1616859753.2871466;0.0
1616859753.3814561;0.0
1616859753.4757693;0.0
1616859753.5700946;0.0
1616859753.6644075;0.0
1616859753.7587225;0.0
1616859753.8530645;0.0
1616859753.9473634;0.0
1616859754.0416696;0.0
1616859754.1359794;0.0
1616859754.2302868;0.0
1616859754.3246055;0.0
1616859754.4189231;0.0
1616859754.5132349;0.0
1616859754.60755;0.0
1616859754.701866;0.0
1616859754.7961745;0.0
1616859754.8904939;0.0
1616859754.9848115;0.0
1616859755.0791256;0.0
1616859755.173443;0.0
1616859755.26776;0.0
1616859755.3620741;0.0
1616859755.456396;0.0
1616859755.5507064;0.0
1616859755.6450324;0.0
1616859755.739339;0.0
1616859755.8331664;0.0
1616859755.9274533;0.0
1616859756.0217495;0.0
1616859756.1160376;0.0
1616859756.2103295;0.0
1616859756.3046277;0.0
1616859756.3989162;0.0
1616859756.4932141;0.0
1616859756.5875034;0.0
1616859756.6817994;0.0
1616859756.7760966;0.0
1616859756.8703878;0.0
1616859756.9646778;0.0
1616859757.0589747;0.0
1616859757.153269;0.0
1616859757.2475634;0.0
1616859757.341861;0.0
1616859757.4361472;0.0
1616859757.5304394;0.0
1616859757.6247282;0.0
1616859757.7190115;0.0
1616859757.8132927;0.0
1616859757.9075804;0.0
1616859758.001872;0.0
1616859758.096225;0.0
1616859758.1910036;0.0
1616859758.2852502;0.0
1616859758.379558;0.0
1616859758.4738538;0.0
1616859758.5681725;0.0
1616859758.6625054;0.0
1616859758.7569315;0.0
1616859758.8511195;0.0
1616859758.9454234;0.0
1616859759.0397375;0.0
1616859759.1340456;0.0
1616859759.228357;0.0
1616859759.3227038;0.0
1616859759.4169765;0.0
1616859759.5112793;0.0
1616859759.6055994;0.0
1616859759.6999085;0.0
1616859759.7942224;0.0
1616859759.888536;0.0
1616859759.98288;0.0
1616859760.07717;0.0
1616859760.1714852;0.0
1616859760.2658055;0.0
1616859760.360118;0.0
1616859760.4544365;0.0
1616859760.548744;0.0
1616859760.6431062;0.0
1616859760.7373776;0.0
1616859760.8316927;0.0
1616859760.9260073;0.0
1616859761.0203288;0.0
1616859761.114624;0.0
1616859761.208931;0.0
1616859761.303242;0.0
1616859761.397551;0.0
1616859761.4913845;0.0
1616859761.585674;0.0
1616859761.6799846;0.0
1616859761.7742755;0.0
1616859761.8685641;0.0
1616859761.962859;0.0
1616859762.057149;0.0
1616859762.151446;0.0
1616859762.24574;0.0
1616859762.3400385;0.0
1616859762.4343278;0.0
1616859762.5286205;0.0
1616859762.6229053;0.0
1616859762.7172024;0.0
1616859762.8114946;0.0
1616859762.9057856;0.0
1616859763.0000806;0.0
1616859763.0943706;0.0
1616859763.188791;0.0
1616859763.2829688;0.0
1616859763.3772626;0.0
1616859763.4715533;0.0
1616859763.5658536;0.0
1616859763.6601505;0.0
1616859763.7545328;0.0
1616859763.849233;0.0
1616859763.9435294;0.0
1616859764.0378413;0.0
1616859764.1321385;0.0
1616859764.2264385;0.0
1616859764.3209045;0.0
1616859764.4150858;0.0
1616859764.5093615;0.0
1616859764.6036775;0.0
1616859764.6979887;0.0
1616859764.7923315;0.0
1616859764.886617;0.0
1616859764.9809284;0.0
1616859765.0752525;0.0
1616859765.1695633;0.0
1616859765.2638776;0.0
1616859765.3581972;0.0
1616859765.4525325;0.0
1616859765.5468304;0.0
1616859765.641143;0.0
1616859765.735464;0.0
1616859765.8297794;0.0
1616859765.9240866;0.0
1616859766.0183892;0.0
1616859766.1127243;0.0
1616859766.2070074;0.0
1616859766.3013268;0.0
1616859766.3956435;0.0
1616859766.489957;0.0
1616859766.58427;0.0
1616859766.6785886;0.0
1616859766.7729313;0.0
1616859766.867225;0.0
1616859766.96154;0.0
1616859767.0553765;0.0
1616859767.1496804;0.0
1616859767.2439759;0.0
1616859767.3382733;0.0
1616859767.4325914;0.0
1616859767.5268688;0.0
1616859767.6211646;0.0
1616859767.715453;0.0
1616859767.8097475;0.0
1616859767.9040382;0.0
1616859767.9983327;0.0
1616859768.09264;0.0
1616859768.1869195;0.0
1616859768.2812152;0.0
1616859768.3755164;0.0
1616859768.4698145;0.0
1616859768.5641096;0.0
1616859768.6584105;0.0
1616859768.7527;0.0
1616859768.8470078;0.0
1616859768.9412768;0.0
1616859769.035635;0.0
1616859769.1298811;0.0
1616859769.2241595;0.0
1616859769.3185067;0.0
1616859769.4132845;0.0
1616859769.5075302;0.0
1616859769.6018252;0.0
1616859769.6961255;0.0
1616859769.7904284;0.0
1616859769.8847404;0.0
1616859769.9792073;0.0
1616859770.0733922;0.0
1616859770.1676912;0.0
1616859770.2619991;0.0
1616859770.35632;0.0
1616859770.4506338;0.0
1616859770.5449495;0.0
1616859770.6392677;0.0
1616859770.7335827;0.0
1616859770.8278909;0.0
1616859770.922217;0.0
1616859771.0165286;0.0
1616859771.1108513;0.0
1616859771.205151;0.0
1616859771.2994695;0.0
1616859771.3937778;0.0
1616859771.488087;0.0
1616859771.5824275;0.0
1616859771.6767294;0.0
1616859771.7710435;0.0
1616859771.8653667;0.0
1616859771.9596794;0.0
1616859772.0539975;0.0
1616859772.1483102;0.0
1616859772.242657;0.0
1616859772.3369427;0.0
1616859772.4312675;0.0
1616859772.5255775;0.0
1616859772.6198947;0.0
1616859772.7137284;0.0
1616859772.808023;0.0
1616859772.902331;0.0
1616859772.9966125;0.0
1616859773.0909095;0.0
1616859773.1852007;0.0
1616859773.2795026;0.0
1616859773.3737981;0.0
1616859773.468104;0.0
1616859773.5624115;0.0
1616859773.6566992;0.0
1616859773.7509944;0.0
1616859773.8452926;0.0
1616859773.9395866;0.0
1616859774.0338838;0.0
1616859774.1281846;0.0
1616859774.2224786;0.0
1616859774.3167582;0.0
1616859774.411046;0.0
1616859774.5053384;0.0
1616859774.5996275;0.0
1616859774.693917;0.0
1616859774.7882135;0.0
1616859774.8825152;0.0
1616859774.9768753;0.0
1616859775.071639;0.0
1616859775.1658995;0.0
1616859775.2601821;0.0
1616859775.354493;0.0
1616859775.4487975;0.0
1616859775.5433035;0.0
1616859775.637449;0.0
1616859775.7317517;0.0
1616859775.8260615;0.0
1616859775.9203641;0.0
1616859776.0146804;0.0
1616859776.1089804;0.0
1616859776.2033017;0.0
1616859776.2975998;0.0
1616859776.3919091;0.0
1616859776.4862266;0.0
1616859776.5805357;0.0
1616859776.6748538;0.0
1616859776.7691634;0.0
1616859776.863484;0.0
1616859776.9577935;0.0
1616859777.0521152;0.0
1616859777.146424;0.0
1616859777.2407491;0.0
1616859777.3350642;0.0
1616859777.429379;0.0
1616859777.523708;0.0
1616859777.6180165;0.0
1616859777.7123506;0.0
1616859777.8066378;0.0
1616859777.9009511;0.0
1616859777.9952655;0.0
1616859778.089585;0.0
1616859778.183908;0.0
1616859778.2777405;0.0
1616859778.372041;0.0
1616859778.4663384;0.0
1616859778.560641;0.0
1616859778.654942;0.0
1616859778.7492404;0.0
1616859778.8435385;0.0
1616859778.9378445;0.0
1616859779.0321414;0.0
1616859779.1264453;0.0
1616859779.2207518;0.0
1616859779.3150494;0.0
1616859779.4093401;0.0
1616859779.5036366;0.0
1616859779.5979388;0.0
1616859779.6922348;0.0
1616859779.7865171;0.0
1616859779.8808131;0.0
1616859779.9751098;0.0
1616859780.0694106;0.0
1616859780.1637485;0.0
1616859780.2580132;0.0
1616859780.3523257;0.0
1616859780.4466069;0.0
1616859780.5409546;0.0
1616859780.6357505;0.0
1616859780.7300036;0.0
1616859780.8243284;0.0
1616859780.9186358;0.0
1616859781.0129702;0.0
1616859781.107277;0.0
1616859781.2017276;0.0
1616859781.2959075;0.0
1616859781.3902116;0.0
1616859781.4845238;0.0
1616859781.5788572;0.0
1616859781.6731887;0.0
1616859781.7674847;0.0
1616859781.8618026;0.0
1616859781.9561205;0.0
1616859782.050436;0.0
1616859782.144757;0.0
1616859782.2390773;0.0
1616859782.3333929;0.0
1616859782.4277108;0.0
1616859782.5220385;0.0
1616859782.6163495;0.0
1616859782.7106676;0.0
1616859782.804982;0.0
1616859782.8993;0.0
1616859782.993609;0.0
1616859783.08793;0.0
1616859783.1822731;0.0
1616859783.276553;0.0
1616859783.3708756;0.0
1616859783.4651928;0.0
1616859783.5595126;0.0
1616859783.6539814;0.0
1616859783.7481804;0.0
1616859783.8425086;0.0
1616859783.9363105;0.0
1616859784.0306108;0.0
1616859784.1249108;0.0
1616859784.2192204;0.0
1616859784.3135073;0.0
1616859784.4078085;0.0
1616859784.5021064;0.0
1616859784.596407;0.0
1616859784.6907024;0.0
1616859784.7849991;0.0
1616859784.8792984;0.0
1616859784.9735992;0.0
1616859785.0679016;0.0
1616859785.162202;0.0
1616859785.2565048;0.0
1616859785.3508027;0.0
1616859785.4451067;0.0
1616859785.5394151;0.0
1616859785.63371;0.0
1616859785.7280133;0.0
1616859785.8223472;0.0
1616859785.9166238;0.0
1616859786.0109124;0.0
1616859786.105211;0.0
1616859786.1995828;0.0
1616859786.2942967;0.0
1616859786.3885825;0.0
1616859786.4829168;0.0
1616859786.5772169;0.0
1616859786.6715288;0.0
1616859786.7659955;0.0
1616859786.8601868;0.0
1616859786.9544818;0.0
1616859787.0487962;0.0
1616859787.1431446;0.0
1616859787.237441;0.0
1616859787.331768;0.0
1616859787.4260876;0.0
1616859787.5204082;0.0
1616859787.6147425;0.0
1616859787.7090569;0.0
1616859787.8033762;0.0
1616859787.8976872;0.0
1616859787.9920151;0.0
1616859788.086322;0.0
1616859788.1806507;0.0
1616859788.2749734;0.0
1616859788.3692946;0.0
1616859788.4636164;0.0
1616859788.557939;0.0
1616859788.6522894;0.0
1616859788.7465913;0.0
1616859788.8409133;0.0
1616859788.9352314;0.0
1616859789.0295525;0.0
1616859789.1238794;0.0
1616859789.2182019;0.0
1616859789.312553;0.0
1616859789.4068403;0.0
1616859789.5006766;0.0
1616859789.594975;0.0
1616859789.6892724;0.0
1616859789.7835696;0.0
1616859789.877873;0.0
1616859789.9721694;0.0
1616859790.066477;0.0
1616859790.1607742;0.0
1616859790.255077;0.0
1616859790.3493786;0.0
1616859790.4436774;0.0
1616859790.5379813;0.0
1616859790.6322956;0.0
1616859790.726594;0.0
1616859790.8208985;0.0
1616859790.9152098;0.0
1616859791.009508;0.0
1616859791.1038196;0.0
1616859791.1981127;0.0
1616859791.29242;0.0
1616859791.386709;0.0
1616859791.4810019;0.0
1616859791.5753114;0.0
1616859791.6696105;0.0
1616859791.7639976;0.0
1616859791.8587244;0.0
1616859791.953034;0.0
1616859792.047325;0.0
1616859792.14165;0.0
1616859792.2359614;0.0
1616859792.3304062;0.0
1616859792.4247036;0.0
1616859792.5189285;0.0
1616859792.6132574;0.0
1616859792.7075677;0.0
1616859792.8018885;0.0
1616859792.896213;0.0
1616859792.9905276;0.0
1616859793.0848415;0.0
1616859793.1791544;0.0
1616859793.2734756;0.0
1616859793.3679938;0.0
1616859793.4623013;0.0
1616859793.5564516;0.0
1616859793.6507792;0.0
1616859793.7451015;0.0
1616859793.8394198;0.0
1616859793.933752;0.0
1616859794.02807;0.0
1616859794.1224356;0.0
1616859794.2167172;0.0
1616859794.3110466;0.0
1616859794.4053574;0.0
1616859794.499678;0.0
1616859794.5939975;0.0
1616859794.6883142;0.0
1616859794.7826679;0.0
1616859794.876958;0.0
1616859794.9712827;0.0
1616859795.0655954;0.0
1616859795.1594436;0.0
1616859795.2537415;0.0
1616859795.3480508;0.0
1616859795.442376;0.0
1616859795.5366569;0.0
1616859795.6309614;0.0
1616859795.725267;0.0
1616859795.819574;0.0
1616859795.913877;0.0
1616859796.0081828;0.0
1616859796.1024835;0.0
1616859796.1967795;0.0
1616859796.2910745;0.0
1616859796.3853762;0.0
1616859796.4796786;0.0
1616859796.5739784;0.0
1616859796.6682804;0.0
1616859796.762598;0.0
1616859796.8568852;0.0
1616859796.951187;0.0
1616859797.0454974;0.0
1616859797.139793;0.0
1616859797.234099;0.0
1616859797.3284032;0.0
1616859797.4227898;0.0
1616859797.5175009;0.0
1616859797.6117988;0.0
1616859797.7061195;0.0
1616859797.8004227;0.0
1616859797.8947365;0.0
1616859797.9892097;0.0
1616859798.0834095;0.0
1616859798.177691;0.0
1616859798.2720106;0.0
1616859798.3663368;0.0
1616859798.4606507;0.0
1616859798.554975;0.0
1616859798.6492994;0.0
1616859798.7436187;0.0
1616859798.8379385;0.0
1616859798.9322965;0.0
1616859799.0265903;0.0
1616859799.1209188;0.0
1616859799.215227;0.0
1616859799.3095546;0.0
1616859799.403878;0.0
1616859799.4981954;0.0
1616859799.5925395;0.0
1616859799.6868274;0.0
1616859799.781148;0.0
1616859799.8754625;0.0
1616859799.9697888;0.0
1616859800.0641131;0.0
1616859800.1584346;0.0
1616859800.2527814;0.0
1616859800.3470798;0.0
1616859800.441402;0.0
1616859800.535722;0.0
1616859800.6300511;0.0
1616859800.7238958;0.0
1616859800.8182032;0.0
1616859800.912522;0.0
1616859801.0068238;0.0
1616859801.1011324;0.0
1616859801.1954346;0.0
1616859801.289735;0.0
1616859801.3840375;0.0
1616859801.4783385;0.0
1616859801.5726507;0.0
1616859801.666951;0.0
1616859801.7612505;0.0
1616859801.8555632;0.0
1616859801.9498699;0.0
1616859802.044175;0.0
1616859802.1384814;0.0
1616859802.232787;0.0
1616859802.3270886;0.0
1616859802.4213912;0.0
1616859802.5156994;0.0
1616859802.609998;0.0
1616859802.7043116;0.0
1616859802.7986104;0.0
1616859802.8929527;0.0
1616859802.987298;0.0
1616859803.082024;0.0
1616859803.1763108;0.0
1616859803.270619;0.0
1616859803.36494;0.0
1616859803.4592474;0.0
1616859803.5537374;0.0
1616859803.6479425;0.0
1616859803.742251;0.0
1616859803.8365571;0.0
1616859803.9308755;0.0
1616859804.025203;0.0
1616859804.119524;0.0
1616859804.2138536;0.0
1616859804.308175;0.0
1616859804.4025266;0.0
1616859804.4968154;0.0
1616859804.5911422;0.0
1616859804.6854546;0.0
1616859804.7797654;0.0
1616859804.8740852;0.0
1616859804.9684038;0.0
1616859805.0627506;0.0
1616859805.1570466;0.0
1616859805.2513766;0.0
1616859805.345698;0.0
1616859805.4400208;0.0
1616859805.5343466;0.0
1616859805.6286685;0.0
1616859805.723017;0.0
1616859805.8173096;0.0
1616859805.911643;0.0
1616859806.0059571;0.0
1616859806.100289;0.0
1616859806.194605;0.0
1616859806.2889185;0.0
1616859806.382759;0.0
1616859806.4770572;0.0
1616859806.5713518;0.0
1616859806.6656525;0.0
1616859806.7599487;0.0
1616859806.8542454;0.0
1616859806.9485488;0.0
1616859807.0428555;0.0
1616859807.137155;0.0
1616859807.2314615;0.0
1616859807.3257606;0.0
1616859807.420069;0.0
1616859807.514368;0.0
1616859807.6086726;0.0
1616859807.702978;0.0
1616859807.797276;0.0
1616859807.8916655;0.0
1616859807.985894;0.0
1616859808.0801733;0.0
1616859808.1744685;0.0
1616859808.2687635;0.0
1616859808.3630602;0.0
1616859808.457368;0.0
1616859808.5516608;0.0
1616859808.646042;0.0
1616859808.7407606;0.0
1616859808.8350642;0.0
1616859808.9293838;0.0
1616859809.023699;0.0
1616859809.1180177;0.0
1616859809.2125292;0.0
1616859809.3066866;0.0
1616859809.400999;0.0
1616859809.4953218;0.0
1616859809.5896325;0.0
1616859809.6839645;0.0
1616859809.7782762;0.0
1616859809.8726275;0.0
1616859809.9669266;0.0
1616859810.0612528;0.0
1616859810.1555786;0.0
1616859810.2499065;0.0
1616859810.3442266;0.0
1616859810.4385562;0.0
1616859810.532913;0.0
1616859810.6272135;0.0
1616859810.7215438;0.0
1616859810.8158774;0.0
1616859810.9102015;0.0
1616859811.004528;0.0
1616859811.098876;0.0
1616859811.193206;0.0
1616859811.2875025;0.0
1616859811.3818247;0.0
1616859811.47614;0.0
1616859811.5704725;0.0
1616859811.6648028;0.0
1616859811.759119;0.0
1616859811.8534412;0.0
1616859811.9472795;0.0
1616859812.041588;0.0
1616859812.1358967;0.0
1616859812.2302046;0.0
1616859812.3245132;0.0
1616859812.4188194;0.0
1616859812.5131285;0.0
1616859812.6074364;0.0
1616859812.701743;0.0
1616859812.7960525;0.0
1616859812.8903494;0.0
1616859812.9846554;0.0
1616859813.0789502;0.0
1616859813.1732485;0.0
1616859813.2675548;0.0
1616859813.3618515;0.0
1616859813.4561505;0.0
1616859813.5504413;0.0
1616859813.644751;0.0
1616859813.73905;0.0
1616859813.8333542;0.0
1616859813.9276595;0.0
1616859814.0219624;0.0
1616859814.1163092;0.0
1616859814.2106555;0.0
1616859814.3053913;0.0
1616859814.3996825;0.0
1616859814.4939964;0.0
1616859814.5883107;0.0
1616859814.6826565;0.0
1616859814.7770994;0.0
1616859814.8712952;0.0
1616859814.9655907;0.0
1616859815.0599086;0.0
1616859815.1542306;0.0
1616859815.2485492;0.0
1616859815.342907;0.0
1616859815.437209;0.0
1616859815.5315366;0.0
1616859815.625867;0.0
1616859815.7201982;0.0
1616859815.814521;0.0
1616859815.9088464;0.0
1616859816.0031931;0.0
1616859816.0975034;0.0
1616859816.1918347;0.0
1616859816.286166;0.0
1616859816.3804862;0.0
1616859816.474815;0.0
1616859816.569143;0.0
1616859816.6634715;0.0
1616859816.757799;0.0
1616859816.852128;0.0
1616859816.9464538;0.0
1616859817.0407925;0.0
1616859817.1351266;0.0
1616859817.229455;0.0
1616859817.3237946;0.0
1616859817.418127;0.0
1616859817.512481;0.0
1616859817.6063054;0.0
1616859817.700617;0.0
1616859817.794935;0.0
1616859817.8892438;0.0
1616859817.9835508;0.0
1616859818.077859;0.0
1616859818.1721694;0.0
1616859818.2664785;0.0
1616859818.360784;0.0
1616859818.455089;0.0
1616859818.5493946;0.0
1616859818.6436927;0.0
1616859818.7380047;0.0
1616859818.8323224;0.0
1616859818.9266224;0.0
1616859819.0209293;0.0
1616859819.1152382;0.0
1616859819.2095525;0.0
1616859819.3038626;0.0
1616859819.3981705;0.0
1616859819.492492;0.0
1616859819.5867867;0.0
1616859819.6810913;0.0
1616859819.7754607;0.0
1616859819.8702722;0.0
1616859819.9645348;0.0
1616859820.0588427;0.0
1616859820.1531901;0.0
1616859820.2474895;0.0
1616859820.3418186;0.0
1616859820.4362946;0.0
1616859820.5305018;0.0
1616859820.6248186;0.0
1616859820.7191484;0.0
1616859820.8134868;0.0
1616859820.9078214;0.0
1616859821.002146;0.0
1616859821.096492;0.0
1616859821.1908195;0.0
1616859821.285146;0.0
1616859821.3794699;0.0
1616859821.4737992;0.0
1616859821.5681195;0.0
1616859821.662482;0.0
1616859821.7567892;0.0
1616859821.8511136;0.0
1616859821.9454525;0.0
1616859822.0397794;0.0
1616859822.1341138;0.0
1616859822.2284405;0.0
1616859822.3228102;0.0
1616859822.4171026;0.0
1616859822.511441;0.0
1616859822.6057706;0.0
1616859822.7001045;0.0
1616859822.7944381;0.0
1616859822.8887696;0.0
1616859822.9831278;0.0
1616859823.0774226;0.0
1616859823.1712644;0.0
1616859823.2655654;0.0
1616859823.3598769;0.0
1616859823.4541795;0.0
1616859823.5484908;0.0
1616859823.6429436;0.0
1616859823.7371373;0.0
1616859823.8314278;0.0
1616859823.9257393;0.0
1616859824.0200562;0.0
1616859824.1143634;0.0
1616859824.2086792;0.0
1616859824.3029904;0.0
1616859824.397307;0.0
1616859824.4916186;0.0
1616859824.5859365;0.0
1616859824.680242;0.0
1616859824.7745545;0.0
1616859824.8688645;0.0
1616859824.9631755;0.0
1616859825.0574858;0.0
1616859825.1517885;0.0
1616859825.2460988;0.0
1616859825.3404105;0.0
1616859825.4348512;0.0
1616859825.5295494;0.0
1616859825.6238506;0.0
1616859825.7181778;0.0
1616859825.8125224;0.0
1616859825.9068346;0.0
1616859826.0013175;0.0
1616859826.0955338;0.0
1616859826.18983;0.0
1616859826.2841609;0.0
1616859826.3784811;0.0
1616859826.4728382;0.0
1616859826.5671475;0.0
1616859826.6614716;0.0
1616859826.755809;0.0
1616859826.8501365;0.0
1616859826.9444704;0.0
1616859827.0388026;0.0
1616859827.133146;0.0
1616859827.2274506;0.0
1616859827.321794;0.0
1616859827.416133;0.0
1616859827.5106974;0.0
1616859827.604922;0.0
1616859827.699232;0.0
1616859827.7935758;0.0
1616859827.8879206;0.0
1616859827.9822795;0.0
1616859828.076578;0.0
1616859828.1709092;0.0
1616859828.2652476;0.0
1616859828.3595855;0.0
1616859828.4540188;0.0
1616859828.5483284;0.0
1616859828.6426127;0.0
1616859828.736998;0.0
1616859829.1559846;0.0
1616859829.2503033;0.0
1616859829.3446069;0.0
1616859829.4389255;0.0
1616859829.5332687;0.0
1616859829.6275766;0.0
1616859829.7218866;0.0
1616859829.8162014;0.0
1616859829.9105153;0.0
1616859830.0048854;0.0
1616859830.0991347;0.0
1616859830.1934564;0.0
1616859830.287751;0.0
1616859830.3820732;0.0
1616859830.47644;0.0
1616859830.5706975;0.0
1616859830.6650627;0.0
1616859830.7593966;0.0
1616859830.8536742;0.0
1616859830.9480145;0.0
1616859831.0429456;0.0
1616859831.1372702;0.0
1616859831.2315574;0.0
1616859831.65101;0.0
1616859831.7452295;0.0
1616859831.8396404;0.0
1616859831.9339688;0.0
1616859832.028325;0.0
1616859832.1225688;0.0
1616859832.2169595;0.0
1616859832.3113296;0.0
1616859832.405559;0.0
1616859832.4999893;0.0
1616859832.5942185;0.0
1616859832.688652;0.0
1616859832.7829638;0.0
1616859832.8772373;0.0
1616859832.9715912;0.0
1616859833.0659168;0.0
1616859833.160248;0.0
1616859833.2545836;0.0
1616859833.3489046;0.0
1616859833.4432845;0.0
1616859833.5375266;0.0
1616859833.6318145;0.0
1616859833.7261453;0.0
1616859833.8204648;0.0
1616859833.9147985;0.0
1616859834.0091205;0.0
1616859834.1034558;0.0
1616859834.197788;0.0
1616859834.2921293;0.0
1616859834.3859727;0.0
1616859834.4802976;0.0
1616859834.574616;0.0
1616859834.6689346;0.0
1616859834.7632468;0.0
1616859834.8575606;0.0
1616859834.951874;0.0
1616859835.046185;0.0
1616859835.1404974;0.0
1616859835.234812;0.0
1616859835.3291268;0.0
1616859835.4234414;0.0
1616859835.5177665;0.0
1616859835.6120846;0.0
1616859835.7064006;0.0
1616859835.8007224;0.0
1616859835.895036;0.0
1616859835.9893515;0.0
1616859836.0836663;0.0
1616859836.177991;0.0
1616859836.2723346;0.0
1616859836.366626;0.0
1616859836.4609365;0.0
1616859836.5552592;0.0
1616859836.6496556;0.0
1616859836.7444177;0.0
1616859836.8387015;0.0
1616859836.9330473;0.0
1616859837.0273554;0.0
1616859837.121674;0.0
1616859837.2161705;0.0
1616859837.3103886;0.0
1616859837.4046893;0.0
1616859837.499024;0.0
1616859837.593402;0.0
1616859837.6876998;0.0
1616859837.7820275;0.0
1616859837.876367;0.0
1616859837.9706964;0.0
1616859838.0650327;0.0
1616859838.1594276;0.0
1616859838.2537286;0.0
1616859838.348036;0.0
1616859838.4423935;0.0
1616859838.5366974;0.0
1616859838.631041;0.0
1616859838.7253776;0.0
1616859838.8197055;0.0
1616859838.9140432;0.0
1616859839.0083814;0.0
1616859839.102737;0.0
1616859839.1970513;0.0
1616859839.291391;0.0
1616859839.3857234;0.0
1616859839.4800606;0.0
1616859839.5744052;0.0
1616859839.668755;0.0
1616859839.763129;0.0
1616859839.8574102;0.0
1616859839.9517534;0.0
1616859840.045592;0.0
1616859840.1399064;0.0
1616859840.2342255;0.0
1616859840.3285391;0.0
1616859840.4228578;0.0
1616859840.5171769;0.0
1616859840.6114926;0.0
1616859840.7058141;0.0
1616859840.8001368;0.0
1616859840.8944526;0.0
1616859840.9887688;0.0
1616859841.0830975;0.0
1616859841.1774073;0.0
1616859841.2717276;0.0
1616859841.3660538;0.0
1616859841.460364;0.0
1616859841.554691;0.0
1616859841.648996;0.0
1616859841.743317;0.0
1616859841.8376215;0.0
1616859841.9319339;0.0
1616859842.0263445;0.0
1616859842.120588;0.0
1616859842.214942;0.0
1616859842.3097641;0.0
1616859842.40405;0.0
1616859842.4983635;0.0
1616859842.5927124;0.0
1616859842.6870162;0.0
1616859842.7813597;0.0
1616859842.8758395;0.0
1616859842.9701052;0.0
1616859843.0643902;0.0
1616859843.1587136;0.0
1616859843.2530544;0.0
1616859843.347363;0.0
1616859843.4416885;0.0
1616859843.5360205;0.0
1616859843.63036;0.0
1616859843.72469;0.0
1616859843.8190231;0.0
1616859843.9133534;0.0
1616859844.0076866;0.0
1616859844.1021154;0.0
1616859844.1965606;0.0
1616859844.2907865;0.0
1616859844.3851428;0.0
1616859844.4794528;0.0
1616859844.5737743;0.0
1616859844.66814;0.0
1616859844.7624905;0.0
1616859844.8568034;0.0
1616859844.9511194;0.0
1616859845.0454512;0.0
1616859845.1397755;0.0
1616859845.234235;0.0
1616859845.3284357;0.0
1616859845.4227998;0.0
1616859845.5172048;0.0
1616859845.6108787;0.0
1616859845.7052007;0.0
1616859845.7995708;0.0
1616859845.8938448;0.0
1616859845.9881475;0.0
1616859846.082468;0.0
1616859846.176781;0.0
1616859846.2710786;0.0
1616859846.365415;0.0
1616859846.4597714;0.0
1616859846.5540435;0.0
1616859846.6483915;0.0
1616859846.7426622;0.0
1616859846.836958;0.0
1616859846.9313214;0.0
1616859847.0255725;0.0
1616859847.1199336;0.0
1616859847.214184;0.0
1616859847.3084884;0.0
1616859847.4028232;0.0
1616859847.4971225;0.0
1616859847.5915027;0.0
1616859847.685752;0.0
1616859847.7801225;0.0
1616859847.8744535;0.0
1616859847.9692607;0.0
1616859848.0636926;0.0
1616859848.1579034;0.0
1616859848.2522125;0.0
1616859848.346677;0.0
1616859848.44109;0.0
1616859848.5352323;0.0
1616859848.629637;0.0
1616859848.7238429;0.0
1616859848.81813;0.0
1616859848.9124742;0.0
1616859849.0067828;0.0
1616859849.1011035;0.0
1616859849.1954255;0.0
1616859849.289751;0.0
1616859849.3840802;0.0
1616859849.4783766;0.0
1616859849.5726845;0.0
1616859849.6669748;0.0
1616859849.761312;0.0
1616859849.8556335;0.0
1616859849.9500046;0.0
1616859850.0442886;0.0
1616859850.1385903;0.0
1616859850.2329314;0.0
1616859850.3272278;0.0
1616859850.421566;0.0
1616859850.5158925;0.0
1616859850.610216;0.0
1616859850.7045507;0.0
1616859850.7988784;0.0
1616859850.8932164;0.0
1616859850.9875553;0.0
1616859851.0818956;0.0
1616859851.1762192;0.0
1616859851.2700677;0.0
1616859851.3643794;0.0
1616859851.4586878;0.0
1616859851.5529945;0.0
1616859851.6472974;0.0
1616859851.7416074;0.0
1616859851.8359098;0.0
1616859851.9302082;0.0
1616859852.0245173;0.0
1616859852.1188242;0.0
1616859852.213131;0.0
1616859852.3074412;0.0
1616859852.4017565;0.0
1616859852.4960635;0.0
1616859852.5903778;0.0
1616859852.684681;0.0
1616859852.7789936;0.0
1616859852.8733075;0.0
1616859852.9676106;0.0
1616859853.0619314;0.0
1616859853.1562414;0.0
1616859853.2505429;0.0
1616859853.3448427;0.0
1616859853.439202;0.0
1616859853.5340052;0.0
1616859853.6282592;0.0
1616859853.7226071;0.0
1616859853.8168926;0.0
1616859853.9113927;0.0
1616859854.0055778;0.0
1616859854.1000125;0.0
1616859854.1942105;0.0
1616859854.2885234;0.0
1616859854.3828678;0.0
1616859854.4771748;0.0
1616859854.5715096;0.0
1616859854.6658404;0.0
1616859854.7601733;0.0
1616859854.8544939;0.0
1616859854.9488187;0.0
1616859855.043169;0.0
1616859855.1374743;0.0
1616859855.2317936;0.0
1616859855.3261216;0.0
1616859855.4204462;0.0
1616859855.5147696;0.0
1616859855.6090994;0.0
1616859855.7034185;0.0
1616859855.797752;0.0
1616859855.8920748;0.0
1616859855.98641;0.0
1616859856.0807412;0.0
1616859856.1750753;0.0
1616859856.2694066;0.0
1616859856.3637507;0.0
1616859856.4580774;0.0
1616859856.5524426;0.0
1616859856.6467354;0.0
1616859856.741045;0.0
1616859856.834895;0.0
1616859856.9292;0.0
1616859857.0235047;0.0
1616859857.1178153;0.0
1616859857.212124;0.0
1616859857.3064349;0.0
1616859857.400746;0.0
1616859857.4950616;0.0
1616859857.5893686;0.0
1616859857.683685;0.0
1616859857.7779894;0.0
1616859857.8723238;0.0
1616859857.9666116;0.0
1616859858.060927;0.0
1616859858.1552413;0.0
1616859858.249551;0.0
1616859858.3439074;0.0
1616859858.4381747;0.0
1616859858.5325193;0.0
1616859858.6267946;0.0
1616859858.7211142;0.0
1616859858.8154132;0.0
1616859858.9097295;0.0
1616859859.0040376;0.0
1616859859.0984342;0.0
1616859859.1932096;0.0
1616859859.2874765;0.0
1616859859.3818061;0.0
1616859859.4761288;0.0
1616859859.5704553;0.0
1616859859.664949;0.0
1616859859.7591493;0.0
1616859859.853456;0.0
1616859859.947783;0.0
1616859860.0421011;0.0
1616859860.1364315;0.0
1616859860.2307663;0.0
1616859860.325094;0.0
1616859860.4194295;0.0
1616859860.5137508;0.0
1616859860.6080813;0.0
1616859860.7024374;0.0
1616859860.7967534;0.0
1616859860.891072;0.0
1616859860.9854085;0.0
1616859861.0797546;0.0
1616859861.1740725;0.0
1616859861.2684073;0.0
1616859861.3627565;0.0
1616859861.4570801;0.0
1616859861.551408;0.0
1616859861.6457355;0.0
1616859861.7400634;0.0
1616859861.8343954;0.0
1616859861.9287179;0.0
1616859862.0230782;0.0
1616859862.117382;0.0
1616859862.2117095;0.0
1616859862.3060453;0.0
1616859862.4003828;0.0
1616859862.4942362;0.0
1616859862.5885494;0.0
1616859862.682864;0.0
1616859862.7771745;0.0
1616859862.871493;0.0
1616859862.9658074;0.0
1616859863.0601199;0.0
1616859863.1544418;0.0
1616859863.2487485;0.0
1616859863.3430605;0.0
1616859863.437364;0.0
1616859863.5316775;0.0
1616859863.625988;0.0
1616859863.720299;0.0
1616859863.814608;0.0
1616859863.9089158;0.0
1616859864.003235;0.0
1616859864.0975456;0.0
1616859864.1918595;0.0
1616859864.2861753;0.0
1616859864.3804874;0.0
1616859864.474798;0.0
1616859864.569107;0.0
1616859864.663486;0.0
1616859864.7582815;0.0
1616859864.8525882;0.0
1616859864.9468713;0.0
1616859865.0411925;0.0
1616859865.135511;0.0
1616859865.2298331;0.0
1616859865.324325;0.0
1616859865.4185116;0.0
1616859865.5128484;0.0
1616859865.6071596;0.0
1616859865.701497;0.0
1616859865.7958288;0.0
1616859865.890165;0.0
1616859865.9844985;0.0
1616859866.0788314;0.0
1616859866.1731868;0.0
1616859866.2675052;0.0
1616859866.3618405;0.0
1616859866.4561818;0.0
1616859866.550517;0.0
1616859866.64485;0.0
1616859866.7391903;0.0
1616859866.8335207;0.0
1616859866.9278498;0.0
1616859867.0221806;0.0
1616859867.11651;0.0
1616859867.2108386;0.0
1616859867.305177;0.0
1616859867.3995082;0.0
1616859867.4938474;0.0
1616859867.5881884;0.0
1616859867.6825495;0.0
1616859867.7768614;0.0
1616859867.8712149;0.0
1616859867.9655375;0.0
1616859868.0593915;0.0
1616859868.15371;0.0
1616859868.2480302;0.0
1616859868.3424196;0.0
1616859868.4366868;0.0
1616859868.5309744;0.0
1616859868.6252825;0.0
1616859868.7195938;0.0
1616859868.8139126;0.0
1616859868.908224;0.0
1616859869.0025482;0.0
1616859869.0968535;0.0
1616859869.1911678;0.0
1616859869.2854848;0.0
1616859869.379803;0.0
1616859869.4741185;0.0
1616859869.5684354;0.0
1616859869.662748;0.0
1616859869.7570705;0.0
1616859869.851388;0.0
1616859869.9457052;0.0
1616859870.040016;0.0
1616859870.1343267;0.0
1616859870.2286413;0.0
1616859870.3230386;0.0
1616859870.417765;0.0
1616859870.512076;0.0
1616859870.6064005;0.0
1616859870.7007306;0.0
1616859870.795056;0.0
1616859870.8895464;0.0
1616859870.9837565;0.0
1616859871.0780814;0.0
1616859871.1724365;0.0
1616859871.2667384;0.0
1616859871.361075;0.0
1616859871.4554155;0.0
1616859871.5497556;0.0
1616859871.6441367;0.0
1616859871.7384355;0.0
1616859871.8327684;0.0
1616859871.9270933;0.0
1616859872.0214136;0.0
1616859872.1157491;0.0
1616859872.210083;0.0
1616859872.3044145;0.0
1616859872.3987436;0.0
1616859872.49315;0.0
1616859872.5874133;0.0
1616859872.6817439;0.0
1616859872.7760792;0.0
1616859872.8704064;0.0
1616859872.9647505;0.0
1616859873.0590785;0.0
1616859873.153417;0.0
1616859873.2477632;0.0
1616859873.3420837;0.0
1616859873.4364612;0.0
1616859873.5307446;0.0
1616859873.6246269;0.0
1616859873.7189155;0.0
1616859873.8132074;0.0
1616859873.9075153;0.0
1616859874.0018315;0.0
1616859874.0961337;0.0
1616859874.1904285;0.0
1616859874.284736;0.0
1616859874.3790483;0.0
1616859874.4733658;0.0
1616859874.5676804;0.0
1616859874.6619976;0.0
1616859874.756309;0.0
1616859874.8506286;0.0
1616859874.9449527;0.0
1616859875.0392642;0.0
1616859875.1335692;0.0
1616859875.2278779;0.0
1616859875.3221936;0.0
1616859875.4164994;0.0
1616859875.5108135;0.0
1616859875.6051188;0.0
1616859875.6994345;0.0
1616859875.7937481;0.0
1616859875.8881214;0.0
1616859875.9829454;0.0
1616859876.0772007;0.0
1616859876.1715205;0.0
1616859876.265846;0.0
1616859876.3601785;0.0
1616859876.4545107;0.0
1616859876.548986;0.0
1616859876.6432667;0.0
1616859876.7375202;0.0
1616859876.8318436;0.0
1616859876.9261727;0.0
1616859877.0205054;0.0
1616859877.1148472;0.0
1616859877.209168;0.0
1616859877.3035;0.0
1616859877.3978415;0.0
1616859877.4921668;0.0
1616859877.5865073;0.0
1616859877.6808524;0.0
1616859877.7751837;0.0
1616859877.8695226;0.0
1616859877.9638646;0.0
1616859878.058202;0.0
1616859878.1525805;0.0
1616859878.2468734;0.0
1616859878.3412025;0.0
1616859878.435544;0.0
1616859878.5298753;0.0
1616859878.6242054;0.0
1616859878.7185488;0.0
1616859878.8128965;0.0
1616859878.9072087;0.0
1616859879.0015435;0.0
1616859879.0958755;0.0
1616859879.1902113;0.0
1616859879.2840743;0.0
1616859879.3783922;0.0
1616859879.4727206;0.0
1616859879.5670364;0.0
1616859879.6613548;0.0
1616859879.7556705;0.0
1616859879.8499925;0.0
1616859879.9443138;0.0
1616859880.0386238;0.0
1616859880.1329446;0.0
1616859880.227255;0.0
1616859880.3215654;0.0
1616859880.41588;0.0
1616859880.5101905;0.0
1616859880.604506;0.0
1616859880.6988182;0.0
1616859880.793133;0.0
1616859880.8874495;0.0
1616859880.9817712;0.0
1616859881.0760903;0.0
1616859881.1704054;0.0
1616859881.2647245;0.0
1616859881.3590364;0.0
1616859881.4533534;0.0
1616859881.5477946;0.0
1616859881.6425376;0.0
1616859881.7368047;0.0
1616859881.8311188;0.0
1616859881.9254587;0.0
1616859882.0197728;0.0
1616859882.1142564;0.0
1616859882.2084513;0.0
1616859882.3027935;0.0
1616859882.3970976;0.0
1616859882.4914296;0.0
1616859882.5857615;0.0
1616859882.6801052;0.0
1616859882.7744336;0.0
1616859882.8687727;0.0
1616859882.9631314;0.0
1616859883.057446;0.0
1616859883.1517868;0.0
1616859883.2461214;0.0
1616859883.3404715;0.0
1616859883.4347992;0.0
1616859883.529139;0.0
1616859883.6236632;0.0
1616859883.7179422;0.0
1616859883.812256;0.0
1616859883.9065723;0.0
1616859884.0009027;0.0
1616859884.095245;0.0
1616859884.1897454;0.0
1616859884.283933;0.0
1616859884.3783846;0.0
1616859884.4726286;0.0
1616859884.5671005;0.0
1616859884.661266;0.0
1616859884.7556047;0.0
1616859884.849409;0.0
1616859884.943723;0.0
1616859885.038108;0.0
1616859885.1323807;0.0
1616859885.226683;0.0
1616859885.320991;0.0
1616859885.4153225;0.0
1616859885.5096238;0.0
1616859885.6039298;0.0
1616859885.6982539;0.0
1616859885.7925546;0.0
1616859885.8868651;0.0
1616859885.981185;0.0
1616859886.075502;0.0
1616859886.1698663;0.0
1616859886.2641401;0.0
1616859886.3584638;0.0
1616859886.4527855;0.0
1616859886.5471;0.0
1616859886.641472;0.0
1616859886.7358155;0.0
1616859886.8301082;0.0
1616859886.9243774;0.0
1616859887.0186818;0.0
1616859887.1131313;0.0
1616859887.2078688;0.0
1616859887.3021712;0.0
1616859887.3964887;0.0
1616859887.4909275;0.0
1616859887.5851288;0.0
1616859887.6797366;0.0
1616859887.7739289;0.0
1616859887.86814;0.0
1616859887.9624918;0.0
1616859888.056898;0.0
1616859888.151217;0.0
1616859888.2454648;0.0
1616859888.3398068;0.0
1616859888.4342425;0.0
1616859888.5286193;0.0
1616859888.6228404;0.0
1616859888.7171552;0.0
1616859888.8116133;0.0
1616859888.9059162;0.0
1616859889.0001092;0.0
1616859889.094392;0.0
1616859889.1887026;0.0
1616859889.2830627;0.0
1616859889.3773673;0.0
1616859889.4717028;0.0
1616859889.5660186;0.0
1616859889.6603553;0.0
1616859889.7546873;0.0
1616859889.8490255;0.0
1616859889.9433572;0.0
1616859890.0376954;0.0
1616859890.132027;0.0
1616859890.2263615;0.0
1616859890.3206866;0.0
1616859890.4150195;0.0
1616859890.508873;0.0
1616859890.603191;0.0
1616859890.6975062;0.0
1616859890.7918186;0.0
1616859890.8861365;0.0
1616859890.9804492;0.0
1616859891.07478;0.0
1616859891.1690838;0.0
1616859891.2634046;0.0
1616859891.3577259;0.0
1616859891.4520395;0.0
1616859891.546358;0.0
1616859891.6406744;0.0
1616859891.734997;0.0
1616859891.8293002;0.0
1616859891.923615;0.0
1616859892.0179276;0.0
1616859892.1122565;0.0
1616859892.206553;0.0
1616859892.3008664;0.0
1616859892.3951848;0.0
1616859892.4894972;0.0
1616859892.583815;0.0
1616859892.6781385;0.0
1616859892.7725365;0.0
1616859892.8672645;0.0
1616859892.9615932;0.0
1616859893.0559273;0.0
1616859893.1502595;0.0
1616859893.2445953;0.0
1616859893.3390892;0.0
1616859893.433307;0.0
1616859893.5276194;0.0
1616859893.6219552;0.0
1616859893.7163036;0.0
1616859893.8106294;0.0
1616859893.9049597;0.0
1616859893.999298;0.0
1616859894.0936422;0.0
1616859894.1879725;0.0
1616859894.282335;0.0
1616859894.3766494;0.0
1616859894.4709985;0.0
1616859894.5653336;0.0
1616859894.6596804;0.0
1616859894.7540224;0.0
1616859894.848365;0.0
1616859894.9427314;0.0
1616859895.0370414;0.0
1616859895.131394;0.0
1616859895.2257278;0.0
1616859895.3200614;0.0
1616859895.414401;0.0
1616859895.5087366;0.0
1616859895.6030896;0.0
1616859895.6974015;0.0
1616859895.7917461;0.0
1616859895.8860846;0.0
1616859895.9804232;0.0
1616859896.0742774;0.0
1616859896.1686027;0.0
1616859896.2629151;0.0
1616859896.3572369;0.0
1616859896.451557;0.0
1616859896.545879;0.0
1616859896.6402006;0.0
1616859896.734529;0.0
1616859896.8288474;0.0
1616859896.9231648;0.0
1616859897.017478;0.0
1616859897.1117942;0.0
1616859897.2061098;0.0
1616859897.3004231;0.0
1616859897.3947403;0.0
1616859897.4890575;0.0
1616859897.5833805;0.0
1616859897.6777039;0.0
1616859897.7720275;0.0
1616859897.8663518;0.0
1616859897.960673;0.0
1616859898.0549908;0.0
1616859898.1493092;0.0
1616859898.2436347;0.0
1616859898.338028;0.0
1616859898.4328413;0.0
1616859898.5270903;0.0
1616859898.6214347;0.0
1616859898.715759;0.0
1616859898.8100805;0.0
1616859898.9045775;0.0
1616859898.998788;0.0
1616859899.093109;0.0
1616859899.187412;0.0
1616859899.2817574;0.0
1616859899.3760946;0.0
1616859899.4704294;0.0
1616859899.5647779;0.0
1616859899.6591165;0.0
1616859899.753463;0.0
1616859899.8478038;0.0
1616859899.9421422;0.0
1616859900.036482;0.0
1616859900.1308358;0.0
1616859900.22516;0.0
1616859900.3195071;0.0
1616859900.413835;0.0
1616859900.5081713;0.0
1616859900.6025345;0.0
1616859900.6968405;0.0
1616859900.7911732;0.0
1616859900.8854938;0.0
1616859900.9798234;0.0
1616859901.0741644;0.0
1616859901.1685035;0.0
1616859901.262865;0.0
1616859901.357183;0.0
1616859901.451517;0.0
1616859901.5458784;0.0
1616859901.6402054;0.0
1616859901.7340562;0.0
1616859901.8283865;0.0
1616859901.9227054;0.0
1616859902.0170186;0.0
1616859902.1113276;0.0
1616859902.205651;0.0
1616859902.2999635;0.0
1616859902.3942845;0.0
1616859902.488609;0.0
1616859902.5829172;0.0
1616859902.6772313;0.0
1616859902.7715495;0.0
1616859902.8658712;0.0
1616859902.9601936;0.0
1616859903.0545173;0.0
1616859903.1488366;0.0
1616859903.2431493;0.0
1616859903.337471;0.0
1616859903.4317908;0.0
1616859903.5261168;0.0
1616859903.6205554;0.0
1616859903.7147956;0.0
1616859903.8090632;0.0
1616859903.9034345;0.0
1616859903.9982445;0.0
1616859904.0925493;0.0
1616859904.1868534;0.0
1616859904.2811718;0.0
1616859904.3755074;0.0
1616859904.469842;0.0
1616859904.5643241;0.0
1616859904.6585262;0.0
1616859904.7528775;0.0
1616859904.8471873;0.0
1616859904.9415276;0.0
1616859905.0358732;0.0
1616859905.1302032;0.0
1616859905.224555;0.0
1616859905.318878;0.0
1616859905.4132118;0.0
1616859905.5075426;0.0
1616859905.6019359;0.0
1616859905.696224;0.0
1616859905.7905571;0.0
1616859905.8848894;0.0
1616859905.9792273;0.0
1616859906.073567;0.0
1616859906.1679108;0.0
1616859906.2622766;0.0
1616859906.356593;0.0
1616859906.4509337;0.0
1616859906.5452724;0.0
1616859906.639612;0.0
1616859906.733953;0.0
1616859906.828314;0.0
1616859906.922667;0.0
1616859907.0169733;0.0
1616859907.111315;0.0
1616859907.205654;0.0
1616859907.2995028;0.0
1616859907.3938162;0.0
1616859907.4881375;0.0
1616859907.5824661;0.0
1616859907.6767795;0.0
1616859907.7711012;0.0
1616859907.8654206;0.0
1616859907.9597402;0.0
1616859908.0540607;0.0
1616859908.148382;0.0
1616859908.242709;0.0
1616859908.337026;0.0
1616859908.4313455;0.0
1616859908.5256727;0.0
1616859908.619993;0.0
1616859908.7143476;0.0
1616859908.8086107;0.0
1616859908.9029145;0.0
1616859908.9972305;0.0
1616859909.0915446;0.0
1616859909.1858664;0.0
1616859909.280179;0.0
1616859909.3745036;0.0
1616859909.4688187;0.0
1616859909.5632267;0.0
1616859909.6579714;0.0
1616859909.752316;0.0
1616859909.8466148;0.0
1616859909.9409485;0.0
1616859910.0352864;0.0
1616859910.129794;0.0
1616859910.2240093;0.0
1616859910.3183045;0.0
1616859910.4126713;0.0
1616859910.5069768;0.0
1616859910.6013124;0.0
1616859910.6956654;0.0
1616859910.789993;0.0
1616859910.8843412;0.0
1616859910.978672;0.0
1616859911.0730462;0.0
1616859911.1673615;0.0
1616859911.2617064;0.0
1616859911.356052;0.0
1616859911.4503973;0.0
1616859911.5447395;0.0
1616859911.639084;0.0
1616859911.7334304;0.0
1616859911.8277848;0.0
1616859911.9221258;0.0
1616859912.0164626;0.0
1616859912.1108046;0.0
1616859912.2051466;0.0
1616859912.2994905;0.0
1616859912.3938367;0.0
1616859912.4881713;0.0
1616859912.5825458;0.0
1616859912.676858;0.0
1616859912.7712126;0.0
1616859912.8655498;0.0
1616859912.9594085;0.0
1616859913.0537305;0.0
1616859913.1480632;0.0
1616859913.2424026;0.0
1616859913.336717;0.0
1616859913.4310448;0.0
1616859913.5253718;0.0
1616859913.6197038;0.0
1616859913.7140772;0.0
1616859913.808354;0.0
1616859913.9026773;0.0
1616859913.9969876;0.0
1616859914.091309;0.0
1616859914.1856349;0.0
1616859914.279957;0.0
1616859914.3744233;0.0
1616859914.4686506;0.0
1616859914.5629394;0.0
1616859914.657258;0.0
1616859914.75158;0.0
1616859914.8459086;0.0
1616859914.940221;0.0
1616859915.03455;0.0
1616859915.1289222;0.0
1616859915.2232518;0.0
1616859915.3180125;0.0
1616859915.4123573;0.0
1616859915.5066614;0.0
1616859915.6009946;0.0
1616859915.6953273;0.0
1616859915.7898262;0.0
1616859915.8840268;0.0
1616859915.9783378;0.0
1616859916.0727165;0.0
1616859916.167019;0.0
1616859916.2613628;0.0
1616859916.3557;0.0
1616859916.450043;0.0
1616859916.5443835;0.0
1616859916.6387215;0.0
