1616859549.8873668;9.109153206070417
1616859549.9817836;8.990210474792883
1616859550.0762265;7.025452765541782
1616859550.1706288;5.943954968184955
1616859550.2651286;6.763338228096849
1616859550.359574;7.37787567303077
1616859550.453976;6.573910915321518
1616859550.5484974;5.488007831621078
1616859550.6429985;5.305188448361166
1616859550.7385893;1.6642192853655715
1616859550.8332336;1.0254527655417829
1616859550.927518;10.620166421929447
1616859551.0219858;12.809593734704778
1616859551.1164439;12.89549681840522
1616859551.2109425;16.827214880079232
1616859551.6311047;19.501223690651923
1616859551.7256186;18.49241311796469
1616859551.8200538;17.662016642193766
1616859551.9145286;18.496818404308303
1616859552.0089602;17.899902104748833
1616859552.1034071;16.899902104748833
1616859552.1978426;16.866862457171738
1616859552.2923148;17.283162016643104
1616859552.3866892;16.68844836025544
1616859552.481246;16.00342633382372
1616859552.57575;16.11355849241403
1616859552.6701622;16.415320606951475
1616859552.76461;16.100342633383192
1616859552.8590145;15.49902104748011
1616859552.9535186;15.261135584925047
1616859553.0479186;14.29197258933033
1616859553.1424096;13.261135584925047
1616859553.236838;12.558492413118875
1616859553.3312953;13.02104747919817
1616859553.4257705;14.29197258933033
1616859553.5202289;14.778756730299492
1616859553.6147454;14.538668624572619
1616859553.709218;11.49902104748011
1616859553.8036394;11.173029858052796
1616859553.8980832;10.948360254528565
1616859553.9914114;10.353646598140903
1616859554.0858948;4.701664219286276
1616859554.1803088;0.0
1616859554.2747498;0.0
1616859554.3691876;0.0
1616859554.4636314;0.0
1616859554.5580587;0.0
1616859554.652523;0.0
1616859554.7469466;0.0
1616859554.8413815;0.0
1616859554.9358141;0.0
1616859555.0302696;0.0
1616859555.1247025;0.0
1616859555.219133;0.0
1616859555.3135498;0.0
1616859555.4079938;0.0
1616859555.5024476;0.0
1616859555.5968692;0.0
1616859555.6913168;0.0
1616859555.785859;0.0
1616859555.880301;0.0
1616859555.9747245;0.0
1616859556.069083;0.0
1616859556.1636062;0.0
1616859556.2592046;0.0
1616859556.3535206;0.0
1616859556.448023;0.0
1616859556.5423748;0.0
1616859556.6368814;0.0
1616859556.7313414;0.0
1616859556.8259172;0.0
1616859556.9202712;0.0
1616859557.014723;0.0
1616859557.1091974;0.0
1616859557.2036595;0.0
1616859557.2981308;0.0
1616859557.3925862;0.0
1616859557.812716;0.0
1616859557.907059;0.0
1616859558.0015163;0.0
1616859558.095986;0.0
1616859558.1904233;0.0
1616859558.2848914;0.0
1616859558.3793418;0.0
1616859558.4738398;0.0
1616859558.56827;0.0
1616859558.6627612;0.0
1616859558.757183;0.0
1616859558.8516688;0.0
1616859558.9461145;0.0
1616859559.0405676;0.0
1616859559.1350539;0.0
1616859559.2294939;0.0
1616859559.323964;0.0
1616859559.4183939;0.0
1616859559.5128953;0.0
1616859559.6062505;0.0
1616859559.700696;0.0
1616859559.7951298;0.0
1616859559.8895664;0.0
1616859559.9840074;0.0
1616859560.0785172;0.0
1616859560.172966;0.0
1616859560.2673426;0.0
1616859560.3618224;0.0
1616859560.4562726;0.0
1616859560.5506535;0.0
1616859560.6451616;0.0
1616859560.7395458;0.0
1616859560.8340425;0.0
1616859560.9284627;0.0
1616859561.0229278;0.0
1616859561.1172905;0.0
1616859561.2118876;0.0
1616859561.3062034;0.0
1616859561.4005795;0.0
1616859561.495065;0.0
1616859561.58949;0.0
1616859561.6839287;0.0
1616859561.778417;0.0
1616859561.8728127;0.0
1616859561.9683886;0.0
1616859562.062883;0.0
1616859562.1572776;0.0
1616859562.2517369;0.0
1616859562.3461766;0.0
1616859562.4407182;0.0
1616859562.535127;0.0
1616859562.629482;0.0
1616859562.724075;0.0
1616859562.8184047;0.0
1616859562.9129686;0.0
1616859563.007424;0.0
1616859563.1018445;0.0
1616859563.1962945;0.0
1616859563.2909214;0.0
1616859563.3851912;0.0
1616859563.479569;0.0
1616859563.574101;0.0
1616859563.6684506;0.0
1616859563.7630193;0.0
1616859563.857448;0.0
1616859563.9519196;0.0
1616859564.0463955;0.0
1616859564.1408243;0.0
1616859564.2352786;0.0
1616859564.3297448;0.0
1616859564.7500098;0.0
1616859564.8444936;0.0
1616859564.9388306;0.0
1616859565.0333862;0.0
1616859565.1278515;0.0
1616859565.2210875;0.0
1616859565.3156154;0.0
1616859565.4100182;0.0
1616859565.5043912;0.0
1616859565.5988808;0.0
1616859565.6933293;0.0
1616859565.7877727;0.0
1616859565.8821626;0.0
1616859565.9766445;0.0
1616859566.0710535;0.0
1616859566.1654456;0.0
1616859566.259905;0.0
1616859566.3543048;0.0
1616859566.4487724;0.0
1616859566.5432127;0.0
1616859566.6375825;0.0
1616859566.7320967;0.0
1616859566.8264856;0.0
1616859566.9209607;0.0
1616859567.0153215;0.0
1616859567.1097965;0.0
1616859567.2042456;0.0
1616859567.2986774;0.0
1616859567.3931735;0.0
1616859567.488724;0.0
1616859567.5831482;0.0
1616859567.6775515;0.0
1616859567.7719002;0.0
1616859567.866437;0.0
1616859567.9608686;0.0
1616859568.055418;0.0
1616859568.149796;0.0
1616859568.244233;0.0
1616859568.3386738;0.0
1616859568.433142;0.0
1616859568.5275743;0.0
1616859568.6220126;0.0
1616859568.7164607;0.0
1616859568.8109045;0.0
1616859568.9053526;0.0
1616859568.999709;0.0
1616859569.0942812;0.0
1616859569.188725;0.0
1616859569.2832258;0.0
1616859569.3776445;0.0
1616859569.472073;0.0
1616859569.566525;0.0
1616859569.6609945;0.0
1616859569.7554345;0.0
1616859569.8498685;0.0
1616859569.9443498;0.0
1616859570.0386586;0.0
1616859570.1332386;0.0
1616859570.2276554;0.0
1616859570.3221087;0.0
1616859570.416572;0.0
1616859570.5110087;0.0
1616859570.6054535;0.0
1616859570.6999273;0.0
1616859570.7944038;0.0
1616859570.8877695;0.0
1616859570.9821901;0.0
1616859571.07657;0.0
1616859571.1710274;0.0
1616859571.2654905;0.0
1616859571.3598454;0.0
1616859571.4543226;0.0
1616859571.54875;0.0
1616859571.6431398;0.0
1616859571.737612;0.0
1616859571.8320186;0.0
1616859571.926418;0.0
1616859572.02089;0.0
1616859572.115345;0.0
1616859572.2097723;0.0
1616859572.3041437;0.0
1616859572.3986454;0.0
1616859572.4931288;0.0
1616859572.5874548;0.0
1616859572.6819422;0.0
1616859572.7763748;0.0
1616859572.8707395;0.0
1616859572.9652207;0.0
1616859573.0607257;0.0
1616859573.1550696;0.0
1616859573.2494864;0.0
1616859573.3439555;0.0
1616859573.4383874;0.0
1616859573.5328493;0.0
1616859573.6273866;0.0
1616859573.721751;0.0
1616859573.8161685;0.0
1616859573.9106114;0.0
1616859574.0050714;0.0
1616859574.0995302;0.0
1616859574.1940105;0.0
1616859574.2884257;0.0
1616859574.382907;0.0
1616859574.477345;0.0
1616859574.5717685;0.0
1616859574.6662245;0.0
1616859574.7606685;0.0
1616859574.8551311;0.0
1616859574.9495456;0.0
1616859575.0440135;0.0
1616859575.138437;0.0
1616859575.2329175;0.0
1616859575.3273425;0.0
1616859575.4217932;0.0
1616859575.5162606;0.0
1616859575.610706;0.0
1616859575.7051556;0.0
1616859575.7996163;0.0
1616859575.8941214;0.0
1616859575.9885385;0.0
1616859576.0830154;0.0
1616859576.177428;0.0
1616859576.2718713;0.0
1616859576.3652515;0.0
1616859576.4596946;0.0
1616859576.554116;0.0
1616859576.6485345;0.0
1616859576.7430882;0.0
1616859576.8374298;0.0
1616859576.9318786;0.0
1616859577.0263278;0.0
1616859577.1206973;0.0
1616859577.2151787;38.36245717082813
1616859577.3095913;340.8558492413127
1616859577.4039795;4614.635584924132
1616859577.4984686;8317.091532060696
1616859577.5930064;8317.091532060696
1616859577.6872828;8317.091532060696
1616859577.7816505;8317.091532060696
1616859577.8761332;8317.091532060696
1616859577.9705336;8317.091532060696
1616859578.0648816;8317.091532060696
1616859578.1593711;8317.091532060696
1616859578.2537775;8317.091532060696
1616859578.3481162;8317.091532060696
1616859578.4425972;8317.091532060696
1616859578.536949;8317.091532060696
1616859578.6314187;8317.091532060696
1616859578.7267034;8317.091532060696
1616859578.8210998;8317.091532060696
1616859578.9154954;8317.091532060696
1616859579.0099342;8317.091532060696
1616859579.1043289;8317.091532060696
1616859579.1988914;8317.091532060696
1616859579.2933028;8317.091532060696
1616859579.3876276;8317.091532060696
1616859579.4820395;8317.091532060696
1616859579.5764632;8317.091532060696
1616859579.6708937;8317.091532060696
1616859579.765295;8317.091532060696
1616859579.8597288;8317.091532060696
1616859579.9541311;8317.091532060696
1616859580.0485418;8317.091532060696
1616859580.1429822;8317.091532060696
1616859580.2373953;8317.091532060696
1616859580.3317964;8317.091532060696
1616859580.4262908;8317.091532060696
1616859580.520658;8317.091532060696
1616859580.6150866;8317.091532060696
1616859580.7094948;8317.091532060696
1616859580.80393;8317.091532060696
1616859580.898352;8317.091532060696
1616859580.9928224;8317.091532060696
1616859581.0871966;8317.091532060696
1616859581.1816218;8317.091532060696
1616859581.2760372;8317.091532060696
1616859581.370457;8317.091532060696
1616859581.4648852;8317.091532060696
1616859581.5592828;8317.091532060696
1616859581.653835;8317.091532060696
1616859581.7481582;8317.091532060696
1616859581.8425832;8317.091532060696
1616859581.9369507;8317.091532060696
1616859582.0307922;8317.091532060696
1616859582.1252096;8317.091532060696
1616859582.219623;8317.091532060696
1616859582.3140404;8317.091532060696
1616859582.4084466;8317.091532060696
1616859582.5028634;8317.091532060696
1616859582.5972824;8317.091532060696
1616859582.6917095;8317.091532060696
1616859582.7861226;8317.091532060696
1616859582.880521;8317.091532060696
1616859582.9749956;8317.091532060696
1616859583.0693517;8317.091532060696
1616859583.1637654;8317.091532060696
1616859583.2581744;8317.091532060696
1616859583.3525705;8317.091532060696
1616859583.4469779;8317.091532060696
1616859583.5414042;8317.091532060696
1616859583.6358287;8317.091532060696
1616859583.7302556;8317.091532060696
1616859583.8246858;8317.091532060696
1616859583.9191074;8317.091532060696
1616859584.0135329;8317.091532060696
1616859584.1080625;8317.091532060696
1616859584.2024565;8317.091532060696
1616859584.2974133;8317.091532060696
1616859584.3917813;8317.091532060696
1616859584.486185;8317.091532060696
1616859584.580612;8317.091532060696
1616859584.6750455;8317.091532060696
1616859584.7694798;8317.091532060696
1616859584.8640745;8317.091532060696
1616859584.9583821;8317.091532060696
1616859585.05283;8317.091532060696
1616859585.1472435;8317.091532060696
1616859585.2416873;8317.091532060696
1616859585.3361292;8317.091532060696
1616859585.4305756;8317.091532060696
1616859585.5250752;8317.091532060696
1616859585.6194787;8317.091532060696
1616859585.713908;8317.091532060696
1616859585.8083484;8317.091532060696
1616859585.9028199;8317.091532060696
1616859585.9972475;8317.091532060696
1616859586.0916939;8317.091532060696
1616859586.18635;8317.091532060696
1616859586.2806914;8317.091532060696
1616859586.3751132;8317.091532060696
1616859586.469553;8317.091532060696
1616859586.5639875;8317.091532060696
1616859586.658459;8317.091532060696
1616859586.7529545;8317.091532060696
1616859586.8473752;8317.091532060696
1616859586.9417644;8317.091532060696
1616859587.0361993;8317.091532060696
1616859587.1306455;8317.091532060696
1616859587.2250898;8317.091532060696
1616859587.3195353;8317.091532060696
1616859587.4140627;8317.091532060696
1616859587.5085225;8317.091532060696
1616859587.6023352;8317.091532060696
1616859587.6967564;8317.091532060696
1616859587.7911642;8317.091532060696
1616859587.8855932;8317.091532060696
1616859587.9800756;8317.091532060696
1616859588.0744267;8317.091532060696
1616859588.1688485;8317.091532060696
1616859588.2633336;8317.091532060696
1616859588.3576856;8317.091532060696
1616859588.452107;8317.091532060696
1616859588.5465627;8317.091532060696
1616859588.6409435;8317.091532060696
1616859588.7353635;8317.091532060696
1616859588.8298318;8317.091532060696
1616859588.9242105;8317.091532060696
1616859589.0186381;8317.091532060696
1616859589.1131065;8317.091532060696
1616859589.2074742;8317.091532060696
1616859589.301936;8317.091532060696
1616859589.3963366;8317.091532060696
1616859589.4907634;8317.091532060696
1616859589.5851998;8317.091532060696
1616859589.6795805;8317.091532060696
1616859589.7740002;8317.091532060696
1616859589.8685534;8317.091532060696
1616859589.9635065;8317.091532060696
1616859590.3834321;8317.091532060696
1616859590.4778302;8317.091532060696
1616859590.572174;8317.091532060696
1616859590.6665847;8317.091532060696
1616859590.7610161;8317.091532060696
1616859590.8555505;8317.091532060696
1616859590.949877;8317.091532060696
1616859591.044445;8317.091532060696
1616859591.1388636;8317.091532060696
1616859591.2332134;8317.091532060696
1616859591.3277285;8317.091532060696
1616859591.4220533;8317.091532060696
1616859591.5164886;8317.091532060696
1616859591.6109135;8317.091532060696
1616859591.7054234;8317.091532060696
1616859591.7997694;8317.091532060696
1616859591.8941607;8317.091532060696
1616859591.988659;8317.091532060696
1616859592.0829954;8317.091532060696
1616859592.1774108;8317.091532060696
1616859592.2718189;8317.091532060696
1616859592.3662405;8317.091532060696
1616859592.4607224;8317.091532060696
1616859592.555108;8317.091532060696
1616859592.6495414;8317.091532060696
1616859592.7439814;8317.091532060696
1616859592.838416;8317.091532060696
1616859592.9328642;8317.091532060696
1616859593.0272806;8317.091532060696
1616859593.121709;8317.091532060696
