1616861139.1150794;0.0
1616861139.2093024;0.0
1616861139.303585;0.0
1616861139.3978894;0.0
1616861139.4921901;0.0
1616861139.586488;0.0
1616861139.6807725;0.0
1616861139.7750773;0.0
1616861139.8693767;0.0
1616861139.963775;0.0
1616861140.058072;0.0
1616861140.1523142;0.0
1616861140.246648;0.0
1616861140.340958;0.0
1616861140.4351509;0.0
1616861140.5294762;0.0
1616861140.623817;0.0
1616861140.7180393;0.0
1616861140.8123446;0.0
1616861140.9067302;0.0
1616861141.0009985;0.0
1616861141.0952213;0.0
1616861141.188933;0.0
1616861141.2832606;0.0
1616861141.3775036;0.0
1616861141.4718351;0.0
1616861141.5660784;0.0
1616861141.6603339;0.0
1616861141.754614;0.0
1616861141.848878;0.0
1616861141.9431946;0.0
1616861142.0374336;0.0
1616861142.1317415;0.0
1616861142.225989;0.0
1616861142.3202553;0.0
1616861142.4145007;0.0
1616861142.5087647;0.0
1616861142.6030972;0.0
1616861142.6973212;0.0
1616861142.7917135;0.0
1616861142.8859289;0.0
1616861142.980185;0.0
1616861143.0744596;0.0
1616861143.1686661;0.0
1616861143.2629707;0.0
1616861143.3572135;0.0
1616861143.4515414;0.0
1616861143.5463305;0.0
1616861143.640585;0.0
1616861143.7348382;0.0
1616861143.8291168;0.0
1616861143.9234018;0.0
1616861144.0177932;0.0
1616861144.1120453;0.0
1616861144.2062051;0.0
1616861144.3004336;0.0
1616861144.3946838;0.0
1616861144.4889367;0.0
1616861144.5832345;0.0
1616861144.6774747;0.0
1616861144.771749;0.0
1616861144.8660345;0.0
1616861144.9603107;0.0
1616861145.054602;0.0
1616861145.1488745;0.0
1616861145.2431836;0.0
1616861145.3374364;0.0
1616861145.4317234;0.0
1616861145.5260124;0.0
1616861145.6203005;0.0
1616861145.7145882;0.0
1616861145.8088686;0.0
1616861145.9031734;0.0
1616861145.997451;0.0
1616861146.0917385;0.0
1616861146.1860325;0.0
1616861146.2803216;0.0
1616861146.3746061;0.0
1616861146.4689045;0.0
1616861146.5632012;0.0
1616861146.657495;0.0
1616861146.751783;0.0
1616861146.8455904;0.0
1616861146.9398613;0.0
1616861147.034123;0.0
1616861147.1283994;0.0
1616861147.2226894;0.0
1616861147.3169346;0.0
1616861147.4112039;0.0
1616861147.50548;0.0
1616861147.5997474;0.0
1616861147.6940215;0.0
1616861147.7882938;0.0
1616861147.8825755;0.0
1616861147.976837;0.0
1616861148.071107;0.0
1616861148.1653814;0.0
1616861148.2596538;0.0
1616861148.353933;0.0
1616861148.4482007;0.0
1616861148.542476;0.0
1616861148.6367388;0.0
1616861148.731003;0.0
1616861148.8252769;0.0
1616861148.9195368;0.0
1616861149.0138054;0.0
1616861149.1086564;0.0
1616861149.2028859;0.0
1616861149.2971218;0.0
1616861149.3914034;0.0
1616861149.4856946;0.0
1616861149.5799744;0.0
1616861149.6744096;0.0
1616861149.7685676;0.0
1616861149.8628798;0.0
1616861149.9571354;0.0
1616861150.0514307;0.0
1616861150.1457179;0.0
1616861150.2400007;0.0
1616861150.3342938;0.0
1616861150.428578;0.0
1616861150.5228875;0.0
1616861150.6171513;0.0
1616861150.711446;0.0
1616861150.805726;0.0
1616861150.9000285;0.0
1616861150.9943142;0.0
1616861151.0886047;0.0
1616861151.182927;0.0
1616861151.2771912;0.0
1616861151.371493;0.0
1616861151.465777;0.0
1616861151.5600665;0.0
1616861151.654357;0.0
1616861151.7486675;0.0
1616861151.8429706;0.0
1616861151.9372456;0.0
1616861152.0315328;0.0
1616861152.1258216;0.0
1616861152.220125;0.0
1616861152.314409;0.0
1616861152.4082234;0.0
1616861152.5025067;0.0
1616861152.5967686;0.0
1616861152.6910415;0.0
1616861152.7853189;0.0
1616861152.8795915;0.0
1616861152.9738634;0.0
1616861153.0681474;0.0
1616861153.1624258;0.0
1616861153.256686;0.0
1616861153.350963;0.0
1616861153.445243;0.0
1616861153.5395124;0.0
1616861153.633787;0.0
1616861153.728052;0.0
1616861153.822338;0.0
1616861153.9165962;0.0
1616861154.0108585;0.0
1616861154.1051345;0.0
1616861154.1993992;0.0
1616861154.293667;0.0
1616861154.3879352;0.0
1616861154.4822102;0.0
1616861154.5764632;0.0
1616861154.670864;0.0
1616861154.7655258;0.0
1616861154.8597589;0.0
1616861154.9540431;0.0
1616861155.0483196;0.0
1616861155.1426446;0.0
1616861155.2370448;0.0
1616861155.3312395;0.0
1616861155.425465;0.0
1616861155.519756;0.0
1616861155.6140382;0.0
1616861155.7083225;0.0
1616861155.802641;0.0
1616861155.8969016;0.0
1616861155.9911954;0.0
1616861156.0854807;0.0
1616861156.1797822;0.0
1616861156.274064;0.0
1616861156.3683546;0.0
1616861156.4626784;0.0
1616861156.5569382;0.0
1616861156.6512313;0.0
1616861156.7455244;0.0
1616861156.8398144;0.0
1616861156.934097;0.0
1616861157.028385;0.0
1616861157.1226945;0.0
1616861157.2169757;0.0
1616861157.3112538;0.0
1616861157.4055455;0.0
1616861157.4998364;0.0
1616861157.594128;0.0
1616861157.688424;0.0
1616861157.7827365;0.0
1616861157.8770082;0.0
1616861157.9712965;0.0
1616861158.0651252;0.0
1616861158.1594028;0.0
1616861158.253684;0.0
1616861158.3479593;0.0
1616861158.4422493;0.0
1616861158.5365062;0.0
1616861158.6307757;0.0
1616861158.7250485;0.0
1616861158.8193085;0.0
1616861158.9135785;0.0
1616861159.0078418;0.0
1616861159.1021163;0.0
1616861159.1963842;0.0
1616861159.290663;0.0
1616861159.3849404;0.0
1616861159.4792125;0.0
1616861159.573492;0.0
1616861159.66777;0.0
1616861159.762048;0.0
1616861159.856323;0.0
1616861159.9506032;0.0
1616861160.044877;0.0
1616861160.1391625;0.0
1616861160.2334328;0.0
1616861160.3282983;0.0
1616861160.4225018;0.0
1616861160.5167394;0.0
1616861160.6110234;0.0
1616861160.7052946;0.0
1616861160.7995903;0.0
1616861160.8940215;0.0
1616861160.9881823;0.0
1616861161.0824919;0.0
1616861161.1767454;0.0
1616861161.271029;0.0
1616861161.365342;0.0
1616861161.4596286;0.0
1616861161.553932;0.0
1616861161.6482198;0.0
1616861161.7425356;0.0
1616861161.8368106;0.0
1616861161.9310966;0.0
1616861162.0253925;0.0
1616861162.119677;0.0
1616861162.2139714;0.0
1616861162.3082516;0.0
1616861162.4025764;0.0
1616861162.4968314;0.0
1616861162.5911126;0.0
1616861162.6854131;0.0
1616861162.7796993;0.0
1616861162.8739965;0.0
1616861162.9682894;0.0
1616861163.0626125;0.0
1616861163.156875;0.0
1616861163.251167;0.0
1616861163.3454535;0.0
1616861163.4397533;0.0
1616861163.5340528;0.0
1616861163.6279352;0.0
1616861163.7221522;0.0
1616861163.8164082;0.0
1616861163.910675;0.0
1616861164.0049446;0.0
1616861164.0992134;0.0
1616861164.193489;0.0
1616861164.2877588;0.0
1616861164.382036;0.0
1616861164.476316;0.0
1616861164.5705905;0.0
1616861164.6648645;0.0
1616861164.7591367;0.0
1616861164.853412;0.0
1616861164.9476902;0.0
1616861165.041967;0.0
1616861165.1362414;0.0
1616861165.2305133;0.0
1616861165.3247795;0.0
1616861165.4190547;0.0
1616861165.513326;0.0
1616861165.6075964;0.0
1616861165.7018642;0.0
1616861165.7961366;0.0
1616861165.890496;0.0
1616861165.9851825;0.0
1616861166.0794446;0.0
1616861166.1737278;0.0
1616861166.268022;0.0
1616861166.3623304;0.0
1616861166.4567196;0.0
1616861166.550981;0.0
1616861166.6451693;0.0
1616861166.7394536;0.0
1616861166.833751;0.0
1616861166.9280427;0.0
1616861167.0223653;0.0
1616861167.1166267;0.0
1616861167.210915;0.0
1616861167.3052068;0.0
1616861167.3995273;0.0
1616861167.493793;0.0
1616861167.5880814;0.0
1616861167.6823928;0.0
1616861167.7766664;0.0
1616861167.870962;0.0
1616861167.965251;0.0
1616861168.0595489;0.0
1616861168.1538484;0.0
1616861168.2481387;0.0
1616861168.3424664;0.0
1616861168.4367368;0.0
1616861168.5310378;0.0
1616861168.625343;0.0
1616861168.7196255;0.0
1616861168.8139124;0.0
1616861168.9082024;0.0
1616861169.0025234;0.0
1616861169.0967855;0.0
1616861169.1910872;0.0
1616861169.2849085;0.0
1616861169.3791852;0.0
1616861169.473464;0.0
1616861169.567742;0.0
1616861169.6620266;0.0
1616861169.7563016;0.0
1616861169.8505812;0.0
1616861169.9448574;0.0
1616861170.0391405;0.0
1616861170.133417;0.0
1616861170.2277005;0.0
1616861170.3219745;0.0
1616861170.4162462;0.0
1616861170.5105245;0.0
1616861170.604795;0.0
1616861170.6990714;0.0
1616861170.7933373;0.0
1616861170.8876178;0.0
1616861170.9818902;0.0
1616861171.076174;0.0
1616861171.1704586;0.0
1616861171.2647338;0.0
1616861171.3590171;0.0
1616861171.4532902;0.0
1616861171.5481367;0.0
1616861171.6423733;0.0
1616861171.7366314;0.0
1616861171.8309126;0.0
1616861171.9252145;0.0
1616861172.0194974;0.0
1616861172.1139545;0.0
1616861172.2081099;0.0
1616861172.3024154;0.0
1616861172.3966784;0.0
1616861172.4909806;0.0
1616861172.5852704;0.0
1616861172.6795614;0.0
1616861172.7738707;0.0
1616861172.868159;0.0
1616861172.9624922;0.0
1616861173.056779;0.0
1616861173.1511073;0.0
1616861173.2453706;0.0
1616861173.3396587;0.0
1616861173.4339588;0.0
1616861173.5282516;0.0
1616861173.6225836;0.0
1616861173.7168524;0.0
1616861173.8111556;0.0
1616861173.9054458;0.0
1616861173.9997365;0.0
1616861174.0940366;0.0
1616861174.1883357;0.0
1616861174.282648;0.0
1616861174.3769252;0.0
1616861174.4712205;0.0
1616861174.5655198;0.0
1616861174.659828;0.0
1616861174.7541256;0.0
1616861174.8479655;0.0
1616861174.9422586;0.0
1616861175.0365276;0.0
1616861175.1308112;0.0
1616861175.2250965;0.0
1616861175.3193743;0.0
1616861175.4136474;0.0
1616861175.5079262;0.0
1616861175.6021993;0.0
1616861175.696483;0.0
1616861175.790759;0.0
1616861175.885039;0.0
1616861175.9793162;0.0
1616861176.0735939;0.0
1616861176.1678786;0.0
1616861176.2621589;0.0
1616861176.356441;0.0
1616861176.450725;0.0
1616861176.5450113;0.0
1616861176.6392908;0.0
1616861176.733574;0.0
1616861176.8278596;0.0
1616861176.922148;0.0
1616861177.016422;0.0
1616861177.1107855;0.0
1616861177.2054973;0.0
1616861177.299742;0.0
1616861177.3940332;0.0
1616861177.488357;0.0
1616861177.5826454;0.0
1616861177.6770706;0.0
1616861177.771249;0.0
1616861177.8655188;0.0
1616861177.95981;0.0
1616861178.0541112;0.0
1616861178.1484118;0.0
1616861178.2427394;0.0
1616861178.337015;0.0
1616861178.4313278;0.0
1616861178.5256321;0.0
1616861178.6200204;0.0
1616861178.7142518;0.0
1616861178.8085372;0.0
1616861178.9028592;0.0
1616861178.997147;0.0
1616861179.091442;0.0
1616861179.1857278;0.0
1616861179.2800345;0.0
1616861179.3743286;0.0
1616861179.4686403;0.0
1616861179.5629678;0.0
1616861179.6572444;0.0
1616861179.7515512;0.0
1616861179.8458517;0.0
1616861179.9401488;0.0
1616861180.0344539;0.0
1616861180.1287565;0.0
1616861180.2230787;0.0
1616861180.3173652;0.0
1616861180.41166;0.0
1616861180.505481;0.0
1616861180.5997605;0.0
1616861180.6940382;0.0
1616861180.7883165;0.0
1616861180.8825989;0.0
1616861180.9768662;0.0
1616861181.0711436;0.0
1616861181.1654224;0.0
1616861181.2597024;0.0
1616861181.3539865;0.0
1616861181.4482641;0.0
1616861181.5425596;0.0
1616861181.636825;0.0
1616861181.7311015;0.0
1616861181.8253849;0.0
1616861181.9196634;0.0
1616861182.01395;0.0
1616861182.1082265;0.0
1616861182.2025163;0.0
1616861182.2967827;0.0
1616861182.3910592;0.0
1616861182.4853404;0.0
1616861182.5796225;0.0
1616861182.673955;0.0
1616861182.768716;0.0
1616861182.8629904;0.0
1616861182.9572394;0.0
1616861183.0515482;0.0
1616861183.1458435;0.0
1616861183.240134;0.0
1616861183.334586;0.0
1616861183.4287293;0.0
1616861183.5230374;0.0
1616861183.6173208;0.0
1616861183.711622;0.0
1616861183.8059108;0.0
1616861183.9002204;0.0
1616861183.9945128;0.0
1616861184.0888145;0.0
1616861184.1831381;0.0
1616861184.2774167;0.0
1616861184.3717144;0.0
1616861184.4660132;0.0
1616861184.560319;0.0
1616861184.654623;0.0
1616861184.748933;0.0
1616861184.8432415;0.0
1616861184.9377177;0.0
1616861185.0318608;0.0
1616861185.126151;0.0
1616861185.2204645;0.0
1616861185.3147655;0.0
1616861185.409067;0.0
1616861185.5033605;0.0
1616861185.5976627;0.0
1616861185.691959;0.0
1616861185.7862654;0.0
1616861185.8805678;0.0
1616861185.9748747;0.0
1616861186.0687006;0.0
1616861186.1629813;0.0
1616861186.257268;0.0
1616861186.3515515;0.0
1616861186.4458375;0.0
1616861186.5401187;0.0
1616861186.6344087;0.0
1616861186.7286966;0.0
1616861186.8229795;0.0
1616861186.9172685;0.0
1616861187.0115507;0.0
1616861187.1058333;0.0
1616861187.200108;0.0
1616861187.294393;0.0
1616861187.388665;0.0
1616861187.4829445;0.0
1616861187.577224;0.0
1616861187.6715019;0.0
1616861187.765783;0.0
1616861187.860067;0.0
1616861187.954348;0.0
1616861188.04863;0.0
1616861188.1429186;0.0
1616861188.2371948;0.0
1616861188.3315527;0.0
1616861188.4262533;0.0
1616861188.520533;0.0
1616861188.6148252;0.0
1616861188.7091253;0.0
1616861188.8034165;0.0
1616861188.8978665;0.0
1616861188.9920409;0.0
1616861189.0863106;0.0
1616861189.1806018;0.0
1616861189.274893;0.0
1616861189.3692005;0.0
1616861189.4635005;0.0
1616861189.5578008;0.0
1616861189.6521034;0.0
1616861189.746404;0.0
1616861189.840709;0.0
1616861189.9350138;0.0
1616861190.0293145;0.0
1616861190.1236162;0.0
1616861190.2179213;0.0
1616861190.3122473;0.0
1616861190.4065375;0.0
1616861190.500849;0.0
1616861190.5951405;0.0
1616861190.6894355;0.0
1616861190.783737;0.0
1616861190.8780382;0.0
1616861190.9723535;0.0
1616861191.0666382;0.0
1616861191.1609335;0.0
1616861191.255241;0.0
1616861191.3495502;0.0
1616861191.4438465;0.0
1616861191.5381582;0.0
1616861191.6324792;0.0
1616861191.7262845;0.0
1616861191.8205645;0.0
1616861191.9148517;0.0
1616861192.0091352;0.0
1616861192.1034234;0.0
1616861192.1976948;0.0
1616861192.2919788;0.0
1616861192.3862588;0.0
1616861192.4805365;0.0
1616861192.5748296;0.0
1616861192.669107;0.0
1616861192.7633886;0.0
1616861192.8576705;0.0
1616861192.9519598;0.0
1616861193.0462468;0.0
1616861193.14053;0.0
1616861193.2348163;0.0
1616861193.3291006;0.0
1616861193.4233873;0.0
1616861193.517673;0.0
1616861193.6119606;0.0
1616861193.7062454;0.0
1616861193.8005285;0.0
1616861193.8948646;0.0
1616861193.9896505;0.0
1616861194.0838902;0.0
1616861194.1781626;0.0
1616861194.2724845;0.0
1616861194.3667538;0.0
1616861194.4610546;0.0
1616861194.555495;0.0
1616861194.6496887;0.0
1616861194.7439651;0.0
1616861194.8382685;0.0
1616861194.9325967;0.0
1616861195.0268798;0.0
1616861195.1211905;0.0
1616861195.2154944;0.0
1616861195.3098028;0.0
1616861195.404114;0.0
1616861195.4984136;0.0
1616861195.592733;0.0
1616861195.6870134;0.0
1616861195.7813087;0.0
1616861195.8756142;0.0
1616861195.9699142;0.0
1616861196.064216;0.0
1616861196.1585221;0.0
1616861196.2528412;0.0
1616861196.3471193;0.0
1616861196.4414186;0.0
1616861196.5357249;0.0
1616861196.6300302;0.0
1616861196.7243352;0.0
1616861196.8186445;0.0
1616861196.9129667;0.0
1616861197.0072384;0.0
1616861197.1015375;0.0
1616861197.1958215;0.0
1616861197.2896352;0.0
1616861197.383913;0.0
1616861197.4781926;0.0
1616861197.5724845;0.0
1616861197.6667619;0.0
1616861197.7610495;0.0
1616861197.8553307;0.0
1616861197.9496155;0.0
1616861198.0439014;0.0
1616861198.1381867;0.0
1616861198.2324932;0.0
1616861198.3267574;0.0
1616861198.4210472;0.0
1616861198.5153296;0.0
1616861198.6096215;0.0
1616861198.7039034;0.0
1616861198.7981982;0.0
1616861198.8924847;0.0
1616861198.9867556;0.0
1616861199.0810435;0.0
1616861199.1753213;0.0
1616861199.2696106;0.0
1616861199.3638873;0.0
1616861199.4581766;0.0
1616861199.5525622;0.0
1616861199.64724;0.0
1616861199.7415195;0.0
1616861199.8358154;0.0
1616861199.9301152;0.0
1616861200.0244098;0.0
1616861200.1188715;0.0
1616861200.2130735;0.0
1616861200.3073342;0.0
1616861200.401621;0.0
1616861200.4959414;0.0
1616861200.590242;0.0
1616861200.6845374;0.0
1616861200.7788408;0.0
1616861200.8731678;0.0
1616861200.9674456;0.0
1616861201.061742;0.0
1616861201.1560519;0.0
1616861201.2503483;0.0
1616861201.3446689;0.0
1616861201.4389708;0.0
1616861201.533275;0.0
1616861201.6275852;0.0
1616861201.7218895;0.0
1616861201.8162014;0.0
1616861201.9105015;0.0
1616861202.004812;0.0
1616861202.0991206;0.0
1616861202.1934278;0.0
1616861202.2877195;0.0
1616861202.3820221;0.0
1616861202.476316;0.0
1616861202.570611;0.0
1616861202.6649194;0.0
1616861202.759219;0.0
1616861202.853043;0.0
1616861202.9473307;0.0
1616861203.0416214;0.0
1616861203.1359177;0.0
1616861203.230208;0.0
1616861203.324501;0.0
1616861203.4187918;0.0
1616861203.5130842;0.0
1616861203.6073728;0.0
1616861203.7016633;0.0
1616861203.7959561;0.0
1616861203.8902454;0.0
1616861203.9845347;0.0
1616861204.078824;0.0
1616861204.1731107;0.0
1616861204.2673998;0.0
1616861204.3616846;0.0
1616861204.4559784;0.0
1616861204.5502622;0.0
1616861204.644556;0.0
1616861204.7388446;0.0
1616861204.8331351;0.0
1616861204.9274302;0.0
1616861205.0217247;0.0
1616861205.1160786;0.0
1616861205.210857;0.0
1616861205.3050964;0.0
1616861205.399392;0.0
1616861205.4936988;0.0
1616861205.5879893;0.0
1616861205.6823075;0.0
1616861205.776724;0.0
1616861205.8709042;0.0
1616861205.9651935;0.0
1616861206.0595028;0.0
1616861206.1538053;0.0
1616861206.2481065;0.0
1616861206.3424373;0.0
1616861206.4367144;0.0
1616861206.531019;0.0
1616861206.6253338;0.0
1616861206.7196367;0.0
1616861206.813949;0.0
1616861206.9082556;0.0
1616861207.0025868;0.0
1616861207.096928;0.0
1616861207.1911907;0.0
1616861207.2854908;0.0
1616861207.3797886;0.0
1616861207.474099;0.0
1616861207.568391;0.0
1616861207.6627278;0.0
1616861207.757093;0.0
1616861207.8513331;0.0
1616861207.9456222;0.0
1616861208.039931;0.0
1616861208.1342387;0.0
1616861208.2285464;0.0
1616861208.3228776;0.0
1616861208.4171586;0.0
1616861208.5109947;0.0
1616861208.6052866;0.0
1616861208.6995704;0.0
1616861208.7938569;0.0
1616861208.888145;0.0
1616861208.9824376;0.0
1616861209.0767035;0.0
1616861209.1709876;0.0
1616861209.265263;0.0
1616861209.3595507;0.0
1616861209.4538307;0.0
1616861209.5481215;0.0
1616861209.6424208;0.0
1616861209.7366936;0.0
1616861209.830985;0.0
1616861209.9252741;0.0
1616861210.0195596;0.0
1616861210.113843;0.0
1616861210.2081332;0.0
1616861210.3024287;0.0
1616861210.3966994;0.0
1616861210.4909885;0.0
1616861210.5852747;0.0
1616861210.6795626;0.0
1616861210.7739275;0.0
1616861210.8686173;0.0
1616861210.9629178;0.0
1616861211.0571814;0.0
1616861211.1514769;0.0
1616861211.245781;0.0
1616861211.3402252;0.0
1616861211.4344268;0.0
1616861211.5286992;0.0
1616861211.6230226;0.0
1616861211.717298;0.0
1616861211.8115852;0.0
1616861211.9058821;0.0
1616861212.000184;0.0
1616861212.0944927;0.0
1616861212.1888015;0.0
1616861212.2831411;0.0
1616861212.3774154;0.0
1616861212.4717178;0.0
1616861212.566083;0.0
1616861212.6603248;0.0
1616861212.7546668;0.0
1616861212.8489218;0.0
1616861212.9432228;0.0
1616861213.0375214;0.0
1616861213.1318376;0.0
1616861213.2261374;0.0
1616861213.3204472;0.0
1616861213.4147534;0.0
1616861213.5090573;0.0
1616861213.6033628;0.0
1616861213.6976647;0.0
1616861213.7919714;0.0
1616861213.8862813;0.0
1616861213.9805832;0.0
1616861214.0744135;0.0
1616861214.1686962;0.0
1616861214.2629788;0.0
1616861214.357262;0.0
1616861214.4515488;0.0
1616861214.5458314;0.0
1616861214.64012;0.0
1616861214.7344027;0.0
1616861214.828696;0.0
1616861214.9229805;0.0
1616861215.0172687;0.0
1616861215.1116915;0.0
1616861215.2059786;0.0
1616861215.300146;0.0
1616861215.3944259;0.0
1616861215.488713;0.0
1616861215.5829995;0.0
1616861215.6772842;0.0
1616861215.771565;0.0
1616861215.8658552;0.0
1616861215.9601364;0.0
1616861216.0544214;0.0
1616861216.1487107;0.0
1616861216.2429945;0.0
1616861216.3373394;0.0
1616861216.4321098;0.0
1616861216.526357;0.0
1616861216.620641;0.0
1616861216.7149565;0.0
1616861216.8092582;0.0
1616861216.9035625;0.0
1616861216.9980063;0.0
1616861217.0921824;0.0
1616861217.1864831;0.0
1616861217.2807913;0.0
1616861217.3750935;0.0
1616861217.4694002;0.0
1616861217.5637045;0.0
1616861217.6580026;0.0
1616861217.752333;0.0
1616861217.8466125;0.0
1616861217.9409142;0.0
1616861218.0352259;0.0
1616861218.129534;0.0
1616861218.2238398;0.0
1616861218.3181527;0.0
1616861218.412491;0.0
1616861218.5067716;0.0
1616861218.6010845;0.0
1616861218.6953926;0.0
1616861218.7896993;0.0
1616861218.8840141;0.0
1616861218.9783337;0.0
1616861219.0726562;0.0
1616861219.1669295;0.0
1616861219.2612345;0.0
1616861219.3555312;0.0
1616861219.4498475;0.0
1616861219.5441678;0.0
1616861219.638465;0.0
1616861219.7323105;0.0
1616861219.826587;0.0
1616861219.920879;0.0
1616861220.0151708;0.0
1616861220.1094606;0.0
1616861220.2037506;0.0
1616861220.2980473;0.0
1616861220.39235;0.0
1616861220.4866285;0.0
1616861220.580927;0.0
1616861220.6752136;0.0
1616861220.7695;0.0
1616861220.863785;0.0
1616861220.9580727;0.0
1616861221.052372;0.0
1616861221.1466494;0.0
1616861221.2409256;0.0
1616861221.3352196;0.0
1616861221.4295135;0.0
1616861221.5238116;0.0
1616861221.6180992;0.0
1616861221.712399;0.0
1616861221.8066745;0.0
1616861221.900963;0.0
1616861221.995332;0.0
1616861222.090022;0.0
1616861222.184322;0.0
1616861222.2786336;0.0
1616861222.3729546;0.0
1616861222.4672306;0.0
1616861222.5616937;0.0
1616861222.6558793;0.0
1616861222.7501516;0.0
1616861222.8444586;0.0
1616861222.9387646;0.0
1616861223.0330956;0.0
1616861223.127384;0.0
1616861223.221699;0.0
1616861223.3160055;0.0
1616861223.4103162;0.0
1616861223.5046256;0.0
1616861223.5989337;0.0
1616861223.6933794;0.0
1616861223.7875733;0.0
1616861223.881874;0.0
1616861223.9761846;0.0
1616861224.0704932;0.0
1616861224.1647992;0.0
1616861224.2591038;0.0
1616861224.353413;0.0
1616861224.4477177;0.0
1616861224.5420284;0.0
1616861224.6363342;0.0
1616861224.7306473;0.0
1616861224.8249586;0.0
1616861224.9192688;0.0
1616861225.0135818;0.0
1616861225.107891;0.0
1616861225.2022088;0.0
1616861225.296052;0.0
1616861225.3903427;0.0
1616861225.4846358;0.0
1616861225.578933;0.0
1616861225.673227;0.0
1616861225.7675138;0.0
1616861225.861804;0.0
1616861225.9560986;0.0
1616861226.050393;0.0
1616861226.1446793;0.0
1616861226.238967;0.0
1616861226.3332572;0.0
1616861226.4275491;0.0
1616861226.5218375;0.0
1616861226.6161332;0.0
1616861226.710426;0.0
1616861226.8047194;0.0
1616861226.899016;0.0
1616861226.9933062;0.0
1616861227.087599;0.0
1616861227.1818926;0.0
1616861227.2761893;0.0
1616861227.3704867;0.0
1616861227.4647706;0.0
1616861227.559117;0.0
1616861227.6538918;0.0
1616861227.7481234;0.0
1616861227.842454;0.0
1616861227.9367394;0.0
1616861228.0310392;0.0
1616861228.125349;0.0
1616861228.2198017;0.0
1616861228.3139758;0.0
1616861228.4082775;0.0
1616861228.5026307;0.0
1616861228.5968995;0.0
1616861228.6912215;0.0
1616861228.78554;0.0
1616861228.8798528;0.0
1616861228.9741805;0.0
1616861229.0684824;0.0
1616861229.1628144;0.0
1616861229.257099;0.0
1616861229.3514187;0.0
1616861229.4457226;0.0
1616861229.5400422;0.0
1616861229.6343508;0.0
1616861229.728665;0.0
1616861229.8230221;0.0
1616861229.9172974;0.0
1616861230.0116055;0.0
1616861230.105918;0.0
1616861230.2002413;0.0
1616861230.2945526;0.0
1616861230.3888724;0.0
1616861230.483184;0.0
1616861230.577498;0.0
1616861230.671826;0.0
1616861230.766134;0.0
1616861230.8604405;0.0
1616861230.9542794;0.0
1616861231.0485759;0.0
1616861231.142864;0.0
1616861231.2371616;0.0
1616861231.3314495;0.0
1616861231.4257581;0.0
1616861231.5200512;0.0
1616861231.6143456;0.0
1616861231.7086425;0.0
1616861231.8029385;0.0
1616861231.8972366;0.0
1616861231.9915323;0.0
1616861232.0858333;0.0
1616861232.1801252;0.0
1616861232.2744308;0.0
1616861232.3687336;0.0
1616861232.4630187;0.0
1616861232.5573144;0.0
1616861232.651609;0.0
1616861232.7459018;0.0
1616861232.840189;0.0
1616861232.9344866;0.0
1616861233.0287786;0.0
1616861233.1230807;0.0
1616861233.2174456;0.0
1616861233.3121572;0.0
1616861233.4064546;0.0
1616861233.5007596;0.0
1616861233.5950713;0.0
1616861233.6893773;0.0
1616861233.7838333;0.0
1616861233.878017;0.0
1616861233.9723518;0.0
1616861234.0666392;0.0
1616861234.1609476;0.0
1616861234.255261;0.0
1616861234.3495698;0.0
1616861234.443885;0.0
1616861234.538191;0.0
1616861234.6325266;0.0
1616861234.7268016;0.0
1616861234.8211215;0.0
1616861234.9154358;0.0
1616861235.0097563;0.0
1616861235.1040726;0.0
1616861235.1983886;0.0
1616861235.2927284;0.0
1616861235.3870265;0.0
1616861235.4813461;0.0
1616861235.5756614;0.0
1616861235.669983;0.0
1616861235.764294;0.0
1616861235.8586063;0.0
1616861235.9529374;0.0
1616861236.0472345;0.0
1616861236.1415448;0.0
1616861236.2358608;0.0
1616861236.3301663;0.0
1616861236.4244905;0.0
1616861236.5183287;0.0
1616861236.6126387;0.0
1616861236.7069273;0.0
1616861236.8012214;0.0
1616861236.8955226;0.0
1616861236.9898255;0.0
1616861237.084121;0.0
1616861237.1784189;0.0
1616861237.2727315;0.0
1616861237.3670154;0.0
1616861237.4613163;0.0
1616861237.5556078;0.0
1616861237.6498985;0.0
1616861237.7441974;0.0
1616861237.8384855;0.0
1616861237.9327824;0.0
1616861238.0270805;0.0
1616861238.1213741;0.0
1616861238.2156706;0.0
1616861238.30997;0.0
1616861238.4042664;0.0
1616861238.4985619;0.0
1616861238.5928648;0.0
1616861238.687158;0.0
1616861238.78152;0.0
1616861238.876299;0.0
1616861238.97055;0.0
1616861239.0648608;0.0
1616861239.1591678;0.0
1616861239.2534778;0.0
1616861239.3477778;0.0
1616861239.4422536;0.0
1616861239.5364153;0.0
1616861239.6307282;0.0
1616861239.7250414;0.0
1616861239.8193574;0.0
1616861239.9136696;0.0
1616861240.0079813;0.0
1616861240.102325;0.0
1616861240.196612;0.0
1616861240.2909338;0.0
1616861240.3852518;0.0
1616861240.479577;0.0
1616861240.5738893;0.0
1616861240.6682115;0.0
1616861240.7625587;0.0
1616861240.8568492;0.0
1616861240.9511642;0.0
1616861241.0454822;0.0
1616861241.1398456;0.0
1616861241.2341115;0.0
1616861241.3284273;0.0
1616861241.4227753;0.0
1616861241.5170634;0.0
1616861241.6113758;0.0
1616861241.7056944;0.0
1616861241.8000169;0.0
1616861241.8943431;0.0
1616861241.988662;0.0
1616861242.0830073;0.0
1616861242.1768305;0.0
1616861242.271135;0.0
1616861242.3654366;0.0
1616861242.45974;0.0
1616861242.554039;0.0
1616861242.6483355;0.0
1616861242.7426438;0.0
1616861242.8369286;0.0
1616861242.9312243;0.0
1616861243.0255225;0.0
1616861243.1198235;0.0
1616861243.2141194;0.0
1616861243.3084164;0.0
1616861243.4027214;0.0
1616861243.4970255;0.0
1616861243.591324;0.0
1616861243.6856265;0.0
1616861243.7799234;0.0
1616861243.8742266;0.0
1616861243.9685245;0.0
1616861244.0628269;0.0
1616861244.1571314;0.0
1616861244.2514286;0.0
1616861244.3457243;0.0
1616861244.4401078;0.0
1616861244.5348134;0.0
1616861244.6290994;0.0
1616861244.7234054;0.0
1616861244.8177154;0.0
1616861244.9120214;0.0
1616861245.0064938;0.0
1616861245.1006966;0.0
1616861245.1949878;0.0
1616861245.2893095;0.0
1616861245.3838158;0.0
1616861245.4780073;0.0
1616861245.5723047;0.0
1616861245.6665905;0.0
1616861245.7609153;0.0
1616861245.8552394;0.0
1616861245.949553;0.0
1616861246.0438654;0.0
1616861246.1381927;0.0
1616861246.2325232;0.0
1616861246.3268106;0.0
1616861246.4211302;0.0
1616861246.5154505;0.0
1616861246.6097734;0.0
1616861246.7040856;0.0
1616861246.7984128;0.0
1616861246.8927536;0.0
1616861246.9870515;0.0
1616861247.0814307;0.0
1616861247.1757164;0.0
1616861247.270025;0.0
1616861247.3643498;0.0
1616861247.4586663;0.0
1616861247.553012;0.0
1616861247.6473136;0.0
1616861247.7411494;0.0
1616861247.8354518;0.0
1616861247.9297473;0.0
1616861248.0240529;0.0
1616861248.1183553;0.0
1616861248.212666;0.0
1616861248.3069587;0.0
1616861248.4012618;0.0
1616861248.4955642;0.0
1616861248.5898685;0.0
1616861248.6841774;0.0
1616861248.7784767;0.0
1616861248.8727822;0.0
1616861248.9670901;0.0
1616861249.0613947;0.0
1616861249.1557028;0.0
1616861249.2499983;0.0
1616861249.3442962;0.0
1616861249.4385908;0.0
1616861249.5328946;0.0
1616861249.6271875;0.0
1616861249.721494;0.0
1616861249.8157954;0.0
1616861249.9100955;0.0
1616861250.0044641;0.0
1616861250.0992346;0.0
1616861250.1935053;0.0
1616861250.2878172;0.0
1616861250.3821359;0.0
1616861250.4764473;0.0
1616861250.5709035;0.0
1616861250.6652114;0.0
1616861250.759436;0.0
1616861250.8537607;0.0
1616861250.9480715;0.0
1616861251.0424213;0.0
1616861251.1367106;0.0
1616861251.2310262;0.0
1616861251.325346;0.0
1616861251.4196756;0.0
1616861251.513991;0.0
1616861251.6083136;0.0
1616861251.7026613;0.0
1616861251.7969644;0.0
1616861251.891283;0.0
1616861251.9856071;0.0
1616861252.0799384;0.0
1616861252.1742632;0.0
1616861252.2685947;0.0
1616861252.3629408;0.0
1616861252.457241;0.0
1616861252.5515738;0.0
1616861252.6458912;0.0
1616861252.7402124;0.0
1616861252.8345401;0.0
1616861252.9288578;0.0
1616861253.0231922;0.0
1616861253.117499;0.0
1616861253.2118118;0.0
1616861253.3061402;0.0
1616861253.3999872;0.0
1616861253.4942975;0.0
1616861253.5886025;0.0
1616861253.6829064;0.0
1616861253.777213;0.0
1616861253.8715215;0.0
1616861253.9658234;0.0
1616861254.060125;0.0
1616861254.1544435;0.0
1616861254.2487333;0.0
1616861254.3430429;0.0
1616861254.4373386;0.0
1616861254.5316374;0.0
1616861254.6259394;0.0
1616861254.7202392;0.0
1616861254.8145359;0.0
1616861254.9088404;0.0
1616861255.0031414;0.0
1616861255.097443;0.0
1616861255.1917489;0.0
1616861255.286053;0.0
1616861255.3803596;0.0
1616861255.474664;0.0
1616861255.5689654;0.0
1616861255.663347;0.0
1616861255.7580507;0.0
1616861255.852383;0.0
1616861255.946672;0.0
1616861256.040988;0.0
1616861256.1353009;0.0
1616861256.229767;0.0
1616861256.3239605;0.0
1616861256.4182606;0.0
1616861256.5126114;0.0
1616861256.6068945;0.0
1616861256.7012198;0.0
1616861256.7955418;0.0
1616861256.8898668;0.0
1616861256.9841807;0.0
1616861257.0785074;0.0
1616861257.172854;0.0
1616861257.267152;0.0
1616861257.3614755;0.0
1616861257.4557972;0.0
1616861257.5501218;0.0
1616861257.6444304;0.0
1616861257.7387564;0.0
1616861257.83309;0.0
1616861257.9273984;0.0
1616861258.0217168;0.0
1616861258.1160266;0.0
1616861258.2103527;0.0
1616861258.3046687;0.0
1616861258.3989947;0.0
1616861258.4933064;0.0
1616861258.5876405;0.0
1616861258.6819525;0.0
1616861258.776281;0.0
1616861258.8706055;0.0
1616861258.9644535;0.0
1616861259.0587606;0.0
1616861259.1530645;0.0
1616861259.2473698;0.0
1616861259.3416688;0.0
1616861259.4359677;0.0
1616861259.5302644;0.0
1616861259.6245728;0.0
1616861259.7188742;0.0
1616861259.8131788;0.0
1616861259.9074936;0.0
1616861260.0017939;0.0
1616861260.0961068;0.0
1616861260.190409;0.0
1616861260.2847126;0.0
1616861260.379016;0.0
1616861260.4733214;0.0
1616861260.5676227;0.0
1616861260.6619337;0.0
1616861260.7562375;0.0
1616861260.8505414;0.0
1616861260.9448519;0.0
1616861261.0391517;0.0
1616861261.133453;0.0
1616861261.2278395;0.0
1616861261.322578;0.0
1616861261.416843;0.0
1616861261.5111465;0.0
1616861261.605461;0.0
1616861261.6997736;0.0
1616861261.79425;0.0
1616861261.8884535;0.0
1616861261.9827838;0.0
1616861262.0770574;0.0
1616861262.171384;0.0
1616861262.265707;0.0
1616861262.3600366;0.0
1616861262.45436;0.0
1616861262.5486796;0.0
1616861262.643035;0.0
1616861262.7373312;0.0
1616861262.8316455;0.0
1616861262.9259624;0.0
1616861263.0202847;0.0
1616861263.114599;0.0
1616861263.208919;0.0
1616861263.3032432;0.0
1616861263.3975608;0.0
1616861263.491884;0.0
1616861263.586206;0.0
1616861263.6805315;0.0
1616861263.774851;0.0
1616861263.8691769;0.0
1616861263.9634929;0.0
1616861264.0578244;0.0
1616861264.1521444;0.0
1616861264.2464736;0.0
1616861264.3408082;0.0
1616861264.4351194;0.0
1616861264.5294385;0.0
1616861264.623275;0.0
1616861264.7175784;0.0
1616861264.811884;0.0
1616861264.9061832;0.0
1616861265.0004814;0.0
1616861265.094783;0.0
1616861265.1890848;0.0
1616861265.2833927;0.0
1616861265.3777025;0.0
1616861265.4720035;0.0
1616861265.566313;0.0
1616861265.6606185;0.0
1616861265.7549267;0.0
1616861265.8492312;0.0
1616861265.9435468;0.0
1616861266.0378435;0.0
1616861266.1321528;0.0
1616861266.2264564;0.0
1616861266.3207614;0.0
1616861266.4150655;0.0
1616861266.5093641;0.0
1616861266.603671;0.0
1616861266.6979725;0.0
1616861266.7922928;0.0
1616861266.8866675;0.0
1616861266.9813828;0.0
1616861267.0756931;0.0
1616861267.1700075;0.0
1616861267.2643194;0.0
1616861267.3586426;0.0
1616861267.453131;0.0
1616861267.5473056;0.0
1616861267.6416225;0.0
1616861267.7359366;0.0
1616861267.8302596;0.0
1616861267.9245765;0.0
1616861268.0189085;0.0
1616861268.113233;0.0
1616861268.2075546;0.0
1616861268.3018758;0.0
1616861268.3961966;0.0
1616861268.4905179;0.0
1616861268.5848475;0.0
1616861268.6791725;0.0
1616861268.7734942;0.0
1616861268.867827;0.0
1616861268.9624255;0.0
1616861269.0565875;0.0
1616861269.1509047;0.0
1616861269.245232;0.0
1616861269.339571;0.0
1616861269.4339144;0.0
1616861269.528244;0.0
1616861269.6225667;0.0
1616861269.7168598;0.0
1616861269.811177;0.0
1616861269.9055135;0.0
1616861269.9998338;0.0
1616861270.0942426;0.0
1616861270.187943;0.0
1616861270.2822635;0.0
1616861270.3765519;0.0
1616861270.4708526;0.0
1616861270.5651991;0.0
1616861270.6594744;0.0
1616861270.753789;0.0
1616861270.8481348;0.0
1616861270.942416;0.0
1616861271.0367851;0.0
1616861271.1310241;0.0
1616861271.22533;0.0
1616861271.3197086;0.0
1616861271.4139585;0.0
1616861271.5082483;0.0
1616861271.6025558;0.0
1616861271.696849;0.0
1616861271.7911446;0.0
1616861271.8854492;0.0
1616861271.979791;0.0
1616861272.0740647;0.0
1616861272.168423;0.0
1616861272.2626884;0.0
1616861272.3570833;0.0
1616861272.4514165;0.0
1616861272.546148;0.0
1616861272.6405244;0.0
1616861272.7348619;0.0
1616861272.829071;0.0
1616861272.9234707;0.0
1616861273.3429914;0.0
1616861273.4371707;0.0
1616861273.5316164;0.0
1616861273.6258307;0.0
1616861273.7201526;0.0
1616861273.8144765;0.0
1616861273.9088686;0.0
1616861274.0031593;0.0
1616861274.0974689;0.0
1616861274.1918006;0.0
1616861274.2861257;0.0
1616861274.3804688;0.0
1616861274.4747956;0.0
1616861274.5691178;0.0
1616861274.6634152;0.0
1616861274.7577002;0.0
1616861274.8520062;0.0
1616861274.9463336;0.0
1616861275.0406625;0.0
1616861275.1349678;0.0
1616861275.2293398;0.0
1616861275.323628;0.0
1616861275.41795;0.0
1616861275.5123386;0.0
1616861275.6066196;0.0
1616861275.7011065;0.0
1616861275.7952926;0.0
1616861275.8891227;0.0
1616861275.983428;0.0
1616861276.0777454;0.0
1616861276.17205;0.0
1616861276.266359;0.0
1616861276.3606658;0.0
1616861276.45497;0.0
1616861276.549272;0.0
1616861276.6435802;0.0
1616861276.7378874;0.0
1616861276.832196;0.0
1616861276.926508;0.0
1616861277.02082;0.0
1616861277.1151273;0.0
1616861277.2094374;0.0
1616861277.3037536;0.0
1616861277.3980572;0.0
1616861277.4923813;0.0
1616861277.5866747;0.0
1616861277.6809876;0.0
1616861277.775309;0.0
1616861277.8696086;0.0
1616861277.9639142;0.0
1616861278.0583098;0.0
1616861278.1530442;0.0
1616861278.2473135;0.0
1616861278.3416328;0.0
1616861278.4359527;0.0
1616861278.5302749;0.0
1616861278.6247675;0.0
1616861278.7189705;0.0
1616861278.8132756;0.0
1616861278.9076006;0.0
1616861279.0019276;0.0
1616861279.0962632;0.0
1616861279.190591;0.0
1616861279.2849212;0.0
1616861279.3792672;0.0
1616861279.4735842;0.0
1616861279.5679154;0.0
1616861279.6622682;0.0
1616861279.7565653;0.0
1616861279.8508966;0.0
1616861279.9452274;0.0
1616861280.0395525;0.0
1616861280.13387;0.0
1616861280.2282062;0.0
1616861280.3225598;0.0
1616861280.4168684;0.0
1616861280.5111973;0.0
1616861280.6055267;0.0
1616861280.6998632;0.0
1616861280.7941926;0.0
1616861280.888536;0.0
1616861280.9829507;0.0
1616861281.0772092;0.0
1616861281.171515;0.0
1616861281.265846;0.0
1616861281.3601725;0.0
1616861281.4540591;0.0
1616861281.548341;0.0
1616861281.6426392;0.0
1616861281.7369418;0.0
1616861281.831248;0.0
1616861281.925562;0.0
1616861282.0198734;0.0
1616861282.1141875;0.0
1616861282.2084944;0.0
1616861282.3028142;0.0
1616861282.3971314;0.0
1616861282.491439;0.0
1616861282.5857534;0.0
1616861282.680067;0.0
1616861282.7743847;0.0
1616861282.8686864;0.0
1616861282.962999;0.0
1616861283.0573013;0.0
1616861283.1516163;0.0
1616861283.245917;0.0
1616861283.3402214;0.0
1616861283.4345374;0.0
1616861283.528941;0.0
1616861283.6232202;0.0
1616861283.7180145;0.0
1616861283.8122947;0.0
1616861283.9065993;0.0
1616861284.0009134;0.0
1616861284.095235;0.0
1616861284.189568;0.0
1616861284.284049;0.0
1616861284.3782425;0.0
1616861284.4725971;0.0
1616861284.5668945;0.0
1616861284.661222;0.0
1616861284.755545;0.0
1616861284.8498745;0.0
1616861284.9441974;0.0
1616861285.0385225;0.0
1616861285.1328802;0.0
1616861285.2271767;0.0
1616861285.3215072;0.0
1616861285.4158373;0.0
1616861285.5101655;0.0
1616861285.6047118;0.0
1616861285.6989489;0.0
1616861285.7932878;0.0
1616861285.8876207;0.0
1616861285.9819295;0.0
1616861286.0762734;0.0
1616861286.1706321;0.0
1616861286.2649524;0.0
1616861286.359274;0.0
1616861286.453682;0.0
1616861286.5480368;0.0
1616861286.6423335;0.0
1616861286.736702;0.0
1616861286.8309119;0.0
1616861286.9252481;0.0
1616861287.0195794;0.0
1616861287.113369;0.0
1616861287.2076788;0.0
1616861287.3019896;0.0
1616861287.3963075;0.0
1616861287.4906185;0.0
