1616854023.9983056;-0.7829172785119779
1616854024.0931547;-2.0009789525207884
1616854024.1880493;-1.5626529613313611
1616854024.2830048;-1.2256485560450177
1616854024.3778393;-2.760890846793916
1616854024.4727376;-2.0670582476749737
1616854024.5676363;-0.8093489965736519
1616854024.6625473;-1.481155163974533
1616854024.7574365;-1.3930494371022863
1616854024.852403;-1.337983357807132
1616854024.947291;-2.401860009789511
1616854025.0421944;-3.7410670582476606
1616854025.1371567;-4.3644150758688065
1616854025.231987;-2.3578071463533874
1616854025.3268967;-1.1485560450318018
1616854025.421783;-2.860009789525194
1616854025.5166748;-3.860009789525194
1616854025.6115441;-5.456926089084665
1616854025.7064068;-4.09789525208026
1616854025.8012779;-2.511992168379819
1616854025.8961883;-1.2344591287322422
1616854025.9910705;-1.1573666177190265
1616854026.0860465;-0.5252080274106563
1616854026.1809354;-1.1045031815956783
1616854026.2758312;-2.4789525208027268
1616854026.3707166;-2.6397454723445772
1616854026.4668803;-2.6353401860009646
1616854026.5616338;-1.3666177190406124
1616854026.6565762;-0.8798335780714492
1616854026.751456;-0.8203622124326828
1616854026.8464096;-0.6177190406265154
1616854026.9412918;-0.3181595692608766
1616854027.0363014;-0.07586882036219819
1616854027.1311061;0.3294175232501366
1616854027.2259355;-0.1155163974547092
1616854027.3208141;-0.8203622124326828
1616854027.4157107;-0.9723445912873083
1616854027.5106225;-0.5296133137542687
1616854027.6055233;-0.23445912873224223
1616854027.7004278;-0.11111111111109687
1616854027.7953649;-0.23005384238862991
1616854027.8902662;-0.018600097895237835
1616854027.985263;0.09593734703868287
1616854028.0801053;-0.11111111111109687
1616854028.1750164;0.3932941752325155
1616854028.2699282;1.6510034263338371
1616854028.3648415;-0.46353401860008364
1616854028.4597635;-1.481155163974533
1616854028.5547109;-0.9304943710229912
1616854028.649605;-0.8269701419481013
1616854028.7445095;-1.3864415075868677
1616854028.8394454;-1.8798335780714492
1616854028.9343398;-1.269701419481141
1616854029.0292702;-0.8423886441507444
1616854029.1241648;-0.3600097895251938
1616854029.219035;0.22589329417524676
1616854029.3139396;-0.2102300538423744
1616854029.4088168;-0.2102300538423744
1616854029.503718;-0.7014194811551497
1616854029.5986302;-0.8005384238864273
1616854029.6935508;-0.7256485560450175
1616854029.7874515;-0.7498776309348855
1616854029.882356;-0.6992168379833436
1616854029.9773064;-0.07807146353400435
1616854030.072196;-0.8335780714635198
1616854030.1671255;-1.2102300538423745
1616854030.2619903;-1.3467939304943568
1616854030.3569045;-1.1221243269701278
1616854030.4517107;-1.0494371023005242
1616854030.546629;-0.7014194811551497
1616854030.641488;-0.6177190406265154
1616854030.7363865;-0.6045031815956784
1616854030.8312447;-0.20141948115514974
1616854030.926212;-0.23225648556043607
1616854031.0210962;-0.2829172785119779
1616854031.1160033;0.060695056289784194
1616854031.210879;-0.04062652961329951
1616854031.305761;-0.08247674987761669
1616854031.4006498;-0.1419481155163832
1616854031.4955466;-0.32917278511990744
1616854031.5904355;-0.2520802741066916
1616854031.6852505;-0.5186000978952379
1616854031.780143;-0.5163974547234317
1616854031.8750577;-0.5560450318159427
1616854031.969943;-0.5009789525207885
1616854032.0649343;-0.29613313754281495
1616854032.1607249;-0.2168379833577929
1616854032.2557077;1.3558492413118106
1616854032.6779017;-1.2146353401859866
1616854032.7727473;-0.6860009789525066
1616854032.86769;-0.3930494371022863
1616854032.9625032;-0.45252080274105283
1616854033.0575662;-0.027410670582462503
1616854033.1524484;0.04527655408714102
1616854033.2473652;-1.1309348996573523
1616854033.342241;-1.9018600097895109
1616854033.437189;-1.4855604503181454
1616854033.5321093;-0.8908467939304802
1616854033.6270406;-0.5978952520802598
1616854033.721816;0.1884483602545419
1616854033.8168793;-0.22785119921682373
1616854033.9117506;-0.1287322564855462
1616854034.006597;-0.5031815956925947
1616854034.1015651;-0.31595692608907044
1616854034.1964624;0.3316201664219428
1616854034.291363;0.7347038668624715
1616854034.3863246;0.8514439549681982
1616854034.4811783;0.6862457170827357
1616854034.5760913;0.6774351443955111
1616854034.6708965;0.7391091532060837
1616854034.7659078;0.4990210474792115
1616854034.8607278;0.9461576113558635
1616854034.9556048;0.9043073910915463
1616854035.0507445;10.377875673029873
1616854035.4717264;7.8866862457170965
1616854035.566664;10.353646598140005
1616854035.6614735;9.384483602545291
1616854035.756429;8.536465981399916
1616854035.8512766;7.300783162016656
1616854035.9461794;7.221488007831635
1616854036.0410688;4.4593734703867005
1616854036.135946;5.0651003426333965
1616854036.2308211;6.406510034263352
1616854036.32571;6.730298580518859
1616854036.4206185;7.628976994615775
1616854036.515488;7.047479197258947
1616854036.610382;6.305188448360269
1616854036.7052674;6.393294175232516
1616854036.8001688;3.624571708272163
1616854036.89502;4.642192853646613
1616854036.989884;6.223690651003441
1616854037.0847573;2.679637787567317
1616854037.179656;2.87347038668626
1616854037.2745175;3.87347038668626
1616854037.3693953;5.144395496818419
1616854037.4642866;4.6730298580518985
1616854037.5591688;7.049681840430753
1616854037.6541057;6.7831620166422075
1616854037.7499506;4.78756730298582
1616854037.8448472;3.1620166421928677
1616854037.9397385;0.860254527655423
1616854038.0346432;2.6465981399902248
1616854038.1295488;4.899902104747934
1616854038.2245793;3.5783162016642334
1616854038.3194003;1.6443954968184185
1616854038.4142804;3.924131179637802
1616854038.5091798;4.492413117963793
1616854038.6041048;4.862457170827229
1616854038.699;4.426333822809608
1616854038.7939017;3.5562897699461717
1616854038.8888235;3.7611355849241455
1616854038.9837148;3.3514439549681985
1616854039.0786088;3.9109153206069647
1616854039.1735091;4.3844836025452905
1616854039.2684207;3.278756730298595
1616854039.363313;2.2369065100342778
1616854039.4582074;3.8272148800783303
1616854039.553113;6.327214880078331
1616854039.6480303;6.904307391091546
1616854039.7429187;5.983602545276568
1616854039.837841;4.90210474791974
1616854039.932725;4.263338228095952
1616854040.0276594;3.2655408712677576
1616854040.1225488;3.479197258932956
1616854040.2174637;4.307391091532075
1616854040.3123958;2.9153206069505773
1616854040.4073102;4.435144395496833
1616854040.5021896;6.338228095937361
1616854040.5971274;4.598139990210489
1616854040.6919918;4.023250122369079
1616854040.786944;4.917523250122383
1616854040.8818152;2.333822809593749
1616854040.9767509;3.6598139990210616
1616854041.0705774;5.230298580518859
1616854041.1654632;5.5276554087126915
1616854041.2603524;6.051884483602559
1616854041.3552434;5.983602545276568
1616854041.4501333;3.635584924131194
1616854041.545013;3.8954968184043217
1616854041.6399117;4.587126774351458
1616854041.7347922;4.924131179637802
1616854041.829675;3.965981399902119
1616854041.924587;4.935144395496833
1616854042.0195465;6.122369065100357
1616854042.1144238;6.276554087126788
1616854042.2093449;5.692853646598154
1616854042.3042023;5.796377875673044
1616854042.399076;5.485805188448374
1616854042.493945;4.578316201664234
1616854042.5888317;5.382280959373484
1616854042.683694;7.750122369065115
1616854042.7785861;8.461576113558507
1616854042.8734412;7.19505628976996
1616854042.9683092;6.29858051884485
1616854043.0631998;4.142192853646613
1616854043.1580977;4.739109153206083
1616854043.2530239;4.243514439549696
1616854043.3489242;7.230298580518859
1616854043.4438014;7.441752325012251
1616854043.5386896;6.628976994615775
1616854043.633596;6.025452765540885
1616854043.7284744;5.752325012236921
1616854043.8235092;3.384483602545291
1616854043.918302;2.988007831620181
1616854044.0131898;2.4109153206069647
1616854044.1080942;3.1091532060695197
1616854044.2029684;3.6289769946157753
1616854044.2978926;4.664219285364674
1616854044.3927643;3.3117963778756874
1616854044.487719;1.1774351443955111
1616854044.5825758;2.098139990210489
1616854044.6775143;2.8007831620166566
1616854044.772378;2.3007831620166566
1616854044.86731;2.9858051884483743
1616854044.9621742;3.6201664219285505
1616854045.057112;4.677435144395511
1616854045.152016;4.410915320606965
1616854045.2469811;4.124571708272163
1616854045.3418298;5.452765540871282
1616854045.436751;5.5298580518844975
1616854045.531635;3.4968184043074055
1616854045.6265757;3.4219285364659955
1616854045.721431;4.893294175232516
1616854045.816348;4.439549681840445
1616854045.9112332;4.965981399902119
1616854046.0061448;5.598139990210489
1616854046.1010153;5.794175232501238
1616854046.1959045;3.595937347038683
1616854046.2908146;2.8624571708272293
1616854046.3857155;3.571708272148815
1616854046.4806356;1.7743514439549823
1616854046.5744905;1.0893294175232644
1616854046.6693985;2.391091532060709
1616854046.7642736;3.4858051884483743
1616854046.859164;6.8162016642192995
1616854046.9541197;9.501223690651017
1616854047.0490215;7.935144395496833
1616854047.1438308;7.124571708272163
1616854047.2386916;6.763338228095952
1616854047.3335605;5.785364659814014
1616854047.4284341;4.302985805188462
1616854047.5233223;7.329417523250137
1616854047.61819;7.721488007831635
1616854047.7130702;8.60915320606952
1616854047.8079422;9.796377875673045
1616854047.9028258;10.188448360254542
1616854047.9977067;6.40210474791974
1616854048.0925968;5.188448360254542
1616854048.187492;6.177435144395511
1616854048.282368;7.463778756730313
1616854048.3772495;10.717082721488023
1616854048.4721415;10.131179637787582
1616854048.5670435;7.992413117963793
1616854048.661926;9.807391091532075
1616854048.7569005;9.322809593734718
1616854048.8517992;7.58051884483604
1616854048.9477973;6.653206069505643
1616854049.042612;6.479197258932956
1616854049.1375341;7.943954968184057
1616854049.2323084;6.419725893294189
1616854049.3272164;6.131179637787581
1616854049.4221058;7.034263338228111
1616854049.5170987;6.153206069505643
1616854049.6119;6.50562897699463
1616854049.706837;7.483602545276568
1616854049.8016872;7.221488007831635
1616854049.8966312;17.371267743514455
1616854049.991485;26.871267743514455
1616854050.0864272;37.05188448360256
1616854050.1813009;68.22148800783164
1616854050.276254;150.95496818404308
1616854050.371172;225.17963778756732
1616854050.4660811;266.6752325012237
1616854050.5609431;331.66642192853647
1616854050.6558487;403.47919725893297
1616854050.7507477;478.8029858051885
1616854050.845646;570.0518844836025
1616854050.9405694;677.8162016642193
1616854051.0355098;761.3029858051884
1616854051.1303449;750.5078316201665
1616854051.225244;657.3206069505629
1616854051.3201554;540.1950562897699
1616854051.4150817;473.04527655408714
1616854051.5099726;436.7214880078316
1616854051.60487;389.990210474792
1616854051.6997979;356.3139990210475
1616854051.7946973;331.15540871267746
1616854051.8895862;309.98800783162017
1616854051.9844995;283.2545276554087
1616854052.0794165;234.9946157611356
1616854052.1743329;182.05188448360255
1616854052.2681284;152.47919725893294
1616854052.3630147;125.10915320606952
1616854052.4579024;103.26774351443956
1616854052.5527878;87.86906510034265
1616854052.647656;73.5673029858052
1616854052.7425237;60.347038668624585
1616854052.8373888;47.48139990210476
1616854052.9322655;36.47258932941754
1616854053.0271466;29.173029858051898
1616854053.1220393;24.261135584924144
1616854053.216926;19.58051884483604
1616854053.3117924;10.752325012236922
1616854053.4066856;4.153206069505643
1616854053.501568;0.6289769946157754
1616854053.5964673;-1.692608908467925
1616854053.6913388;-4.2212432697014055
1616854053.786234;-7.053842388644137
1616854053.8810825;-5.91948115516396
1616854053.9759552;-6.520802741067044
1616854054.0708275;-6.141948115516383
1616854054.165705;-7.234459128732242
1616854054.2605777;-6.573666177190392
1616854054.3554533;-8.593489965736648
1616854054.4503727;-9.848996573666163
1616854054.5463414;-9.498776309348983
1616854054.6411371;-10.344591287322551
1616854054.736043;-12.267498776309335
1616854054.8309116;-14.3269701419481
1616854054.925789;-17.16177190406264
1616854055.0206804;-18.893049437102285
1616854055.1156955;-17.102300538423872
1616854055.210501;-16.289525208027396
1616854055.3053887;-16.734459128732244
1616854055.4002805;-17.846793930494357
1616854055.495166;-17.882036221243254
1616854055.5900674;-17.15516397454722
1616854055.6849608;-19.65075868820361
1616854055.7798462;-21.234459128732244
1616854055.8747563;-21.456926089084664
1616854055.969632;-22.688203622124313
1616854056.0645287;-23.932697014194797
1616854056.1594124;-24.152961331375415
1616854056.2542975;-23.100097895252066
1616854056.349199;-23.234459128732244
1616854056.444081;-23.842388644150745
1616854056.5389786;-20.879833578071448
1616854056.633865;-21.23666177190405
1616854056.7287707;-22.28071463534017
1616854056.8236487;-23.518600097895238
1616854056.918577;-20.906265296133125
1616854057.0134373;-22.36661771904061
1616854057.108351;-22.271904062652947
1616854057.2032425;-21.089084679393036
1616854057.2981477;-23.0406265296133
1616854057.393029;-26.267498776309335
1616854057.4879377;-27.260890846793917
1616854057.5827973;-24.009789525208014
1616854057.67772;-20.395252080274094
1616854057.772581;-22.300538423886426
1616854057.866423;-23.738864415075856
1616854057.9612827;-23.49437102300537
1616854058.056164;-23.65516397454722
1616854058.1510954;-24.710230053842373
1616854058.2459168;-24.219040626529598
1616854058.340786;-23.39084679393048
1616854058.4356725;-21.197014194811537
1616854058.530611;-21.060450318159553
1616854058.6254735;-22.831375428291715
1616854058.7203615;-23.981155163974535
1616854058.8152335;-22.016397454723432
1616854058.910103;-22.921683798335767
1616854059.0049694;-22.095692608908454
1616854059.09977;-20.518600097895238
1616854059.194643;-23.152961331375415
1616854059.289513;-22.06485560450317
1616854059.3844476;-22.28071463534017
1616854059.4792929;-22.285119921683783
1616854059.574168;-21.26529613313753
1616854059.6690385;-22.06485560450317
1616854059.763927;-21.516397454723432
1616854059.8587837;-21.63754282917277
1616854059.9536712;-20.461331375428276
1616854060.0485327;-20.08027410670581
1616854060.1445663;-22.886441507586866
1616854060.2393818;-23.342388644150745
1616854060.3342638;-21.346793930494357
1616854060.4290578;-20.567058247674975
1616854060.5239136;-19.0758688203622
1616854060.6188028;-21.503181595692595
1616854060.7137647;-21.177190406265282
1616854060.8085806;-19.571463534018587
1616854060.9034626;-21.789525208027396
1616854060.9983566;-22.659569260890834
1616854061.0932462;-23.69481155163973
1616854061.1881258;-25.48996573666176
1616854061.2830782;-24.08688203622123
1616854061.37793;-23.820362212432684
1616854061.4728012;-23.454723445912858
1616854061.5677068;-21.99437102300537
1616854061.6625814;-23.007586882036207
1616854061.757494;-23.10890846793929
1616854061.8523822;-22.893049437102285
1616854061.9472902;-24.39084679393048
1616854062.042165;-12.33357807146352
1616854062.1371067;3.124571708272163
1616854062.231953;-10.628732256485547
1616854062.3268738;-17.602300538423872
1616854062.4217274;-15.89084679393048
1616854062.5166378;-25.38423886441506
1616854062.61149;-42.87322564855603
1616854062.7064185;-22.646353401859997
1616854062.8012729;-33.75868820362211
1616854062.8961842;4.2457170827215025
1616854062.9910338;38.83382280959375
1616854063.0859425;-24.90846793930493
1616854063.1808188;-209.7586882036221
1616854063.2757022;-328.1529613313754
1616854063.3705966;-273.27410670582475
1616854063.4644456;-212.92388644150756
1616854063.5593333;-77.76970141948114
1616854063.6542003;151.23470386686247
1616854063.749067;171.30298580518846
1616854063.843967;79.17082721488009
1616854063.9388218;-45.732256485560434
1616854064.0336845;-188.52961331375428
1616854064.128552;-355.1177190406265
1616854064.2234123;-411.7080274106706
1616854064.3182766;-368.5163974547234
1616854064.4131458;-346.7917278511992
1616854064.5080092;-343.2212432697014
1616854064.602872;-321.5560450318159
1616854064.69773;-321.77630934899656
1616854064.7926018;-326.96353401860006
1616854064.8874667;-411.48556045031813
1616854064.9823287;-400.7168379833578
1616854065.0772078;-343.2674987763093
1616854065.1720781;-317.0186000978952
1616854065.2670405;-335.930494371023
1616854065.3618205;-315.0406265296133
1616854065.4567144;-283.1749877630935
1616854065.5515714;-387.5340186000979
1616854065.646461;-465.20141948115514
1616854065.7413414;-252.02961331375428
1616854065.837352;-182.3996573666177
1616854065.932149;-198.84459128732254
1616854066.027099;-98.98115516397453
1616854066.1219697;-68.78732256485559
1616854066.216863;-91.51860009789523
1616854066.3118432;-91.80053842388642
1616854066.4066317;-90.73886441507585
1616854066.5014935;-89.62873225648555
1616854066.596308;-89.50097895252078
1616854066.6912713;-91.26309348996573
1616854066.7863598;-91.07366617719039
1616854066.881037;-90.80053842388642
1616854066.975818;-89.00097895252078
1616854067.07084;-90.98556045031815
1616854067.16572;-91.19260890846793
1616854067.260525;-89.8974547234459
1616854067.3555233;10.377875673029873
1616854067.7775388;-95.63313754282916
1616854067.8723307;-95.55824767498775
1616854067.967351;-95.51199216837982
1616854068.0622034;-95.56926089084678
1616854068.157149;-95.88203622124325
1616854068.2519677;-96.26309348996573
1616854068.3469079;-95.69921683798334
1616854068.4419756;-95.16617719040624
1616854068.536682;-95.75868820362211
1616854068.631538;-95.41948115516396
1616854068.7264802;-95.31815956926087
1616854068.821358;-95.88864415075868
1616854068.9161906;-96.39084679393048
1616854069.0100296;-96.41287322564854
1616854069.1049263;-95.36882036221242
1616854069.1997788;-95.15296133137541
1616854069.2946537;-95.70802741067057
1616854069.3895202;-96.08908467939304
1616854069.4843767;-96.25868820362211
1616854069.5792513;-95.69481155163973
1616854069.6741235;-94.70802741067057
1616854069.7689793;-94.42829172785119
1616854069.8638556;-95.1111111111111
1616854069.9587228;-95.48776309348995
1616854070.0535953;-94.59789525208026
1616854070.1484563;-94.44150758688203
1616854070.243326;-94.19040626529612
1616854070.3381782;-94.42829172785119
1616854070.4330795;-94.62212432697012
1616854070.5279346;-94.7564855604503
1616854070.6228132;-94.30934899657365
1616854070.7177002;-93.83578071463532
1616854070.8126493;-94.29613313754281
1616854070.9074168;-94.65516397454722
1616854071.002285;-94.58247674987761
1616854071.0971453;-94.48335780714633
1616854071.1920006;-94.60009789525206
1616854071.2869363;-94.60450318159567
1616854071.382834;-94.21243269701418
1616854071.477667;-93.76529613313753
1616854071.5724301;-93.93710230053841
1616854071.6674585;-93.96133137542827
1616854071.762284;-93.90846793930493
1616854071.85733;-93.84679393049436
1616854071.9520984;-94.02520802741066
1616854072.0469677;-94.24106705824767
1616854072.1418867;-94.08467939304943
1616854072.2366757;-94.72564855604502
1616854072.3316245;-94.78511992168379
1616854072.7537496;-94.90186000978952
1616854072.8486629;-95.84238864415074
1616854072.9435544;-95.13534018600096
1616854073.0384462;-94.51639745472343
1616854073.1332712;-94.59348996573665
1616854073.2282426;-94.34899657366616
1616854073.3231168;-94.28511992168379
1616854073.4179344;-94.41727851199215
1616854073.5129223;-94.24547234459128
