1616854292.2839825;-0.06485560450316735
1616854292.3788025;1.1047479197259076
1616854292.473664;0.20386686245718508
1616854292.5684721;0.39549681840432166
1616854292.663296;-0.2652961331375286
1616854292.7581487;-0.2542829172784977
1616854292.8530152;0.15761135584925556
1616854292.947881;0.0937347038668767
1616854293.042741;0.21488007831621592
1616854293.1376126;0.12236906510035687
1616854293.2324727;0.41752325012238334
1616854293.3273335;0.33382280959374894
1616854293.4221911;0.6003426333822952
1616854293.5170689;0.8272148800783304
1616854293.6119192;0.8778756730298723
1616854293.7068634;0.13778756730300004
1616854293.801727;-0.23445912873224223
1616854293.896616;0.17743514439551106
1616854293.9915051;1.111355849241326
1616854294.0863764;1.0430739109153349
1616854294.1811543;-0.2630934899657224
1616854294.276086;-0.23225648556043607
1616854294.3708887;0.8139990210474934
1616854294.4657624;-0.15296133137541404
1616854294.5606198;-1.2674987763093348
1616854294.6554902;-1.5758688203621982
1616854294.7503493;-1.073666177190392
1616854294.8452268;-0.9216837983357665
1616854294.9400918;-0.27410670582475327
1616854295.0349581;0.20827214880079742
1616854295.129837;0.5430739109153349
1616854295.2247014;0.8184043073911058
1616854295.319572;0.5364659813999163
1616854295.4144387;0.19725893294176658
1616854295.5093117;-0.12652961331374005
1616854295.6042361;-0.29393049437100877
1616854295.7003262;-0.30714635340184576
1616854295.7951243;13.811796377875687
1616854296.2171967;0.9703866862457313
1616854296.312046;13.811796377875687
1616854296.7340796;0.7963778756730441
1616854296.8290246;0.9902104747919869
1616854296.9238803;0.8426333822809736
1616854297.0188105;0.001223690651017672
1616854297.11358;-0.5053842388644009
1616854297.2086177;0.05628976994617186
1616854297.303495;0.7302985805188591
1616854297.398392;0.6576113558492556
1616854297.4932814;4200.032060695056
1616854297.915261;0.19725893294176658
1616854298.0101252;0.005628976994630007
1616854298.1049836;-0.32697014194810126
1616854298.1998613;0.2413117963778899
1616854298.2947602;1.0496818404307533
1616854298.3896408;0.847038668624586
1616854298.484521;0.6620166421928679
1616854298.5793953;0.8073910915320749
1616854298.67427;0.8095937347038811
1616854298.76916;0.7589329417523393
1616854298.8640697;1.1488007831620308
1616854298.9590428;1.6047479197259076
1616854299.0527883;2.148800783162031
1616854299.147662;1.190651003426348
1616854299.2425392;0.7545276554087269
1616854299.3374102;0.9461576113558635
1616854299.4323351;0.9769946157611499
1616854299.5272186;1.1157611355849384
1616854299.622081;1.214880078316216
1616854299.7169526;1.1708272148800927
1616854299.8118203;1.1840430739109296
1616854299.906707;1.3756730298580662
1616854300.0015652;1.2016642192853788
1616854300.0964508;1.7347038668624715
1616854300.1913257;2.6840430739109298
1616854300.286155;2.133382280959388
1616854300.3809872;1.8184043073911058
1616854300.4758513;2.1179637787567445
1616854300.5707736;1.6135584924131323
1616854300.6656141;1.058492413117978
1616854300.7604787;1.4483602545276697
1616854300.8554127;2.0166421928536606
1616854300.9502938;1.913117963778771
1616854301.0451412;1.8426333822809735
1616854301.1400144;1.9043073910915462
1616854301.2360752;1.3778756730298722
1616854301.3308446;1.0937347038668768
1616854301.4256988;1.1994615761135727
1616854301.5205774;1.2126774351444098
1616854301.6154494;1.560695056289784
1616854301.710235;1.9241311796378018
1616854301.80534;1.7214880078316344
1616854301.9001353;1.4858051884483745
1616854301.9950147;1.5893294175232644
1616854302.0898383;1.664219285364674
1616854302.1847012;1.6554087126774495
1616854302.2795963;1.74131179637789
1616854302.3745198;1.4725893294175374
1616854302.4694016;0.9417523250122511
1616854302.5642838;1.5695056289770088
1616854302.659185;1.9087126774351586
1616854302.7540603;1.452765540871282
1616854302.8489645;0.8580518844836168
1616854302.9438515;0.7060695056289913
1616854303.038744;0.8514439549681982
1616854303.133609;0.847038668624586
1616854303.2285175;0.30739109153207494
1616854303.3234031;0.5628976994615904
1616854303.4182968;0.9329417523250265
1616854303.51319;0.9769946157611499
1616854303.6081038;1.0144395496818546
1616854303.7029784;1.1421928536466124
1616854303.7978947;1.4417523250122513
1616854303.8927555;1.7743514439549823
1616854303.9876678;1.8162016642192995
1616854304.0825768;1.0210474791972732
1616854304.1774652;0.9924131179637931
1616854304.2723317;1.2391091532060838
1616854304.3672588;1.1421928536466124
1616854304.4621117;1.3162016642192995
1616854304.5570269;1.794175232501238
1616854304.6508274;1.8117963778756874
1616854304.7456925;1.560695056289784
1616854304.840559;12.728095937347053
1616854304.935515;48.825012236906524
1616854305.03039;25.888888888888903
1616854305.125266;3.0761135584924273
1616854305.2201324;1.730298580518859
1616854305.3150039;0.8139990210474934
1616854305.409899;3.137787567303
1616854305.5047395;2.598139990210489
1616854305.599687;2.703866862457185
1616854305.694553;3.6443954968184187
1616854305.7893748;3.391091532060709
1616854305.8841887;3.2875673029858192
1616854305.9790304;3.203866862457185
1616854306.073892;2.5606950562897843
1616854306.1687734;2.2236906510034404
1616854306.2636251;3.2104747919726035
1616854306.358495;3.935144395496833
1616854306.453362;4.60915320606952
1616854306.5482297;4.111355849241326
1616854306.6431046;3.3932941752325156
1616854306.7379866;3.3778756730298722
1616854306.8329241;3.1642192853646742
1616854306.9288874;3.465981399902119
1616854307.023746;3.9197258932941894
1616854307.11861;3.527655408712692
1616854307.2152824;3.547479197258947
1616854307.3084414;4.289769946157626
1616854307.4033377;3.725893294175247
1616854307.4982073;3.6598139990210616
1616854307.5930276;3.9968184043074055
1616854307.6879184;3.8117963778756874
1616854307.7827802;3.391091532060709
1616854307.8777285;3.2479197258933086
1616854307.9725564;3.40210474791974
1616854308.0674725;3.3117963778756874
1616854308.1623094;3.2192853646598283
1616854308.2572212;3.4307391091532202
1616854308.3520837;3.386686245717097
1616854308.4470122;3.24131179637789
1616854308.5418663;3.488007831620181
1616854308.6367993;3.688448360254542
1616854308.7316654;3.571708272148815
1616854308.826574;3.5232501223690793
1616854308.92144;3.4593734703867005
1616854309.016359;3.8712677435144536
1616854309.1112602;4.203866862457185
1616854309.2061555;3.899902104747934
1616854309.3010159;3.4219285364659955
1616854309.3958957;3.7104747919726035
1616854309.4907835;3.979197258932956
1616854309.5856793;4.142192853646613
1616854309.6805851;3.831620166421943
1616854309.7754476;4.397699461576128
1616854309.8703227;4.360254527655423
1616854309.9652114;4.151003426333837
1616854310.060109;4.686245717082736
1616854310.1550043;4.571708272148815
1616854310.2488513;4.16642192853648
1616854310.3437355;3.76994615761137
1616854310.4386256;3.935144395496833
1616854310.5334852;3.5606950562897843
1616854310.628349;3.573910915320621
1616854310.7232523;4.252325012236921
1616854310.8181195;3.9219285364659955
1616854310.912981;3.6994615761135727
1616854311.007842;3.791972589329432
1616854311.1027129;3.884483602545291
1616854311.1975832;3.732501223690665
1616854311.2924511;3.6532060695056434
1616854311.3873243;3.7567302985805333
1616854311.482179;3.7743514439549823
1616854311.5770588;4.045276554087141
1616854311.6719136;4.276554087126788
1616854311.7668061;4.628976994615775
1616854311.8617427;4.468184043073925
1616854311.956637;4.1025452765541015
1616854312.0514789;3.717082721488022
1616854312.1463757;3.3646598139990354
1616854312.2412295;2.9065100342633525
1616854312.336121;3.124571708272163
1616854312.4310248;3.3007831620166566
1616854312.5269337;4.0276554087126915
1616854312.6218555;4.479197258932956
1616854312.7167692;4.439549681840445
1616854312.8116162;4.829417523250137
1616854312.906527;4.721488007831635
1616854313.001242;4.866862457170842
1616854313.0963674;6.7787567302985945
1616854313.191156;7.448360254527669
1616854313.2860677;8.353646598140005
1616854313.3809416;17.56289769946159
1616854313.4757357;41.485805188448374
1616854313.5707595;46.536465981399914
1616854313.6656392;56.073910915320624
1616854313.7605531;71.82721488007833
1616854313.8554504;94.77435144395498
1616854313.9502099;129.3514439549682
1616854314.0452886;204.90210474791974
1616854314.1401842;372.29637787567304
1616854314.23507;541.8690651003426
1616854314.3298142;693.9065100342633
1616854314.424753;911.5474791972589
1616854314.5199533;1242.351443954968
1616854314.6146326;1777.0761135584924
1616854314.7095153;2636.058492413118
1616854314.8042948;1742.6906510034262
1616854314.8991613;70.46818404307392
1616854314.994186;-72.54723445912872
1616854315.0890865;-74.87102300538423
1616854315.183968;-74.6133137542829
1616854315.2788775;-75.02300538423886
1616854315.3737624;-75.28291727851197
1616854315.4686596;-75.509789525208
1616854315.563571;-75.55824767498775
1616854315.6584466;-75.1837983357807
1616854315.753219;-74.10890846793929
1616854315.8471062;-73.22344591287322
1616854315.9419732;-73.06705824767498
1616854316.0368493;-73.1815956926089
1616854316.131683;-73.38864415075868
1616854316.2265582;-73.63093489965735
1616854316.3214405;-73.99877630934898
1616854316.4163568;-74.34018600097893
1616854316.511164;-74.05824767498775
1616854316.606116;-74.8247674987763
1616854316.7009754;-75.93930494371021
1616854316.7958493;-75.73666177190405
1616854316.890673;-75.60890846793929
1616854316.985533;-76.04503181595692
1616854317.0804696;-76.29833578071462
1616854317.175352;-76.26749877630934
1616854317.2702053;-75.99877630934898
1616854317.3650892;-75.88864415075868
1616854317.4599836;-75.95472344591286
1616854317.5548537;-76.11992168379832
1616854317.64973;-76.37542829172784
1616854317.7445278;-76.52300538423886
1616854317.8394008;-76.48335780714633
1616854317.934263;-76.1815956926089
1616854318.029242;-76.21683798335779
1616854318.125085;-76.2895252080274
1616854318.2198746;-76.26749877630934
1616854318.3147466;-76.54503181595692
1616854318.4096282;-76.56485560450317
1616854318.5045094;-76.55163974547233
1616854318.5994096;-76.56705824767498
1616854318.6944158;-76.13754282917277
1616854318.7891917;-76.33578071463532
1616854318.884073;-76.3644150758688
1616854318.9789855;-76.42168379833576
1616854319.0738451;-76.37983357807146
1616854319.1687531;-76.38864415075868
1616854319.2636585;-76.32917278511991
1616854319.3585207;-76.2542829172785
1616854319.4533906;-76.35119921683797
1616854319.548307;-76.41948115516396
1616854319.6431875;-76.40846793930493
1616854319.738112;-76.29613313754281
1616854319.8330126;-76.17498776309347
1616854319.9278593;-76.15516397454722
1616854320.0227172;-76.28071463534017
1616854320.1176362;-76.30053842388642
1616854320.2124934;-76.01419481155162
1616854320.3074062;-76.01860009789523
1616854320.402279;-76.05824767498775
1616854320.4971905;-76.08688203622123
1616854320.592061;-76.0053842388644
1616854320.6869824;-76.09569260890845
1616854320.7818568;-76.15075868820361
1616854320.8768048;-76.14415075868818
1616854320.9716542;-76.23666177190405
1616854321.066593;-76.13093489965735
1616854321.1614666;-76.02741067058247
1616854321.2563689;-76.11992168379832
1616854321.3512301;-76.0758688203622
1616854321.4451518;-75.99657366617717
1616854321.5400302;-76.19260890846793
1616854321.6349282;-76.24326970141946
