1616859700.4376676;0.0
1616859700.5318909;0.0
1616859700.62617;0.0
1616859700.7204623;0.0
1616859700.814742;0.0
1616859700.9090333;0.0
1616859701.0033402;0.0
1616859701.0976121;0.0
1616859701.1919048;0.0
1616859701.2861955;0.0
1616859701.3804967;0.0
1616859701.4747777;0.0
1616859701.5690837;0.0
1616859701.6633658;0.0
1616859701.7576556;0.0
1616859701.851955;0.0
1616859701.9463193;0.0
1616859702.0406268;0.0
1616859702.1354408;0.0
1616859702.2297182;0.0
1616859702.3241448;0.0
1616859702.4184988;0.0
1616859702.5126667;0.0
1616859702.6071725;0.0
1616859702.7015574;0.0
1616859702.7957604;0.0
1616859702.8899274;0.0
1616859702.9842043;0.0
1616859703.078636;0.0
1616859703.17287;0.0
1616859703.2672472;0.0
1616859703.686631;0.0
1616859703.780877;0.0
1616859703.8751426;0.0
1616859703.9694448;0.0
1616859704.063839;0.0
1616859704.1580691;0.0
1616859704.2523956;0.0
1616859704.3466666;0.0
1616859704.4409778;0.0
1616859704.5352817;0.0
1616859704.6295884;0.0
1616859704.7239048;0.0
1616859704.8182063;0.0
1616859704.9125626;0.0
1616859705.006833;0.0
1616859705.1011548;0.0
1616859705.1954613;0.0
1616859705.2897809;0.0
1616859705.3835087;0.0
1616859705.4778228;0.0
1616859705.5721183;0.0
1616859705.6663983;0.0
1616859705.7606704;0.0
1616859705.8549411;0.0
1616859705.9492178;0.0
1616859706.0434844;0.0
1616859706.137751;0.0
1616859706.232025;0.0
1616859706.326311;0.0
1616859706.4205942;0.0
1616859706.5148795;0.0
1616859706.609167;0.0
1616859706.7034545;0.0
1616859706.79775;0.0
1616859706.892045;0.0
1616859706.9863355;0.0
1616859707.0806208;0.0
1616859707.1749055;0.0
1616859707.2691917;0.0
1616859707.363483;0.0
1616859707.4577694;0.0
1616859707.5520597;0.0
1616859707.6464293;0.0
1616859707.741133;0.0
1616859707.83542;0.0
1616859707.9297228;0.0
1616859708.0240262;0.0
1616859708.118334;0.0
1616859708.2128255;0.0
1616859708.3069866;0.0
1616859708.4012647;0.0
1616859708.4955683;0.0
1616859708.5898979;0.0
1616859708.6842005;0.0
1616859708.7784986;0.0
1616859708.872843;0.0
1616859708.9671135;0.0
1616859709.0614202;0.0
1616859709.1557338;0.0
1616859709.2500257;0.0
1616859709.3443367;0.0
1616859709.4386454;0.0
1616859709.5329754;0.0
1616859709.627275;0.0
1616859709.7215848;0.0
1616859709.8158972;0.0
1616859709.9102116;0.0
1616859710.0045197;0.0
1616859710.0988367;0.0
1616859710.1931853;0.0
1616859710.2874594;0.0
1616859710.381768;0.0
1616859710.4760678;0.0
1616859710.5703692;0.0
1616859710.6646886;0.0
1616859710.7589889;0.0
1616859710.8532975;0.0
1616859710.947123;0.0
1616859711.041423;0.0
1616859711.1356983;0.0
1616859711.2299893;0.0
1616859711.3242764;0.0
1616859711.4185648;0.0
1616859711.5128553;0.0
1616859711.6071506;0.0
1616859711.7014358;0.0
1616859711.7957158;0.0
1616859711.890009;0.0
1616859711.9843028;0.0
1616859712.0785837;0.0
1616859712.1728673;0.0
1616859712.267152;0.0
1616859712.3614311;0.0
1616859712.4557176;0.0
1616859712.5500026;0.0
1616859712.6442902;0.0
1616859712.7385833;0.0
1616859712.8328638;0.0
1616859712.9271555;0.0
1616859713.0214417;0.0
1616859713.1157389;0.0
1616859713.2100604;0.0
1616859713.3048568;0.0
1616859713.399102;0.0
1616859713.4933915;0.0
1616859713.5877073;0.0
1616859713.6820045;0.0
1616859713.7763064;0.0
1616859713.8707564;0.0
1616859713.9649227;0.0
1616859714.0592034;0.0
1616859714.1535137;0.0
1616859714.24781;0.0
1616859714.3421187;0.0
1616859714.436418;0.0
1616859714.5307226;0.0
1616859714.6250265;0.0
1616859714.719331;0.0
1616859714.8136454;0.0
1616859714.9079406;0.0
1616859715.0022743;0.0
1616859715.0965464;0.0
1616859715.1908622;0.0
1616859715.285164;0.0
1616859715.3794646;0.0
1616859715.4737449;0.0
1616859715.568037;0.0
1616859715.6623607;0.0
1616859715.7566354;0.0
1616859715.8509362;0.0
1616859715.9452426;0.0
1616859716.039539;0.0
1616859716.133841;0.0
1616859716.228147;0.0
1616859716.3224804;0.0
1616859716.4167588;0.0
1616859716.5110707;0.0
1616859716.604898;0.0
1616859716.6991909;0.0
1616859716.7934802;0.0
1616859716.887771;0.0
1616859716.982065;0.0
1616859717.0763469;0.0
1616859717.1706302;0.0
1616859717.2649162;0.0
1616859717.3591967;0.0
1616859717.453477;0.0
1616859717.547758;0.0
1616859717.6420405;0.0
1616859717.7363322;0.0
1616859717.8306136;0.0
1616859717.9249024;0.0
1616859718.0191944;0.0
1616859718.1134756;0.0
1616859718.2077646;0.0
1616859718.3020542;0.0
1616859718.396346;0.0
1616859718.4906306;0.0
1616859718.5849297;0.0
1616859718.6792133;0.0
1616859718.7735014;0.0
1616859718.867868;0.0
1616859718.9625986;0.0
1616859719.0568569;0.0
1616859719.151146;0.0
1616859719.245438;0.0
1616859719.3397517;0.0
1616859719.4341965;0.0
1616859719.528389;0.0
1616859719.6226916;0.0
1616859719.7169616;0.0
1616859719.8112812;0.0
1616859719.9055922;0.0
1616859719.999895;0.0
1616859720.0942159;0.0
1616859720.1885176;0.0
1616859720.2828534;0.0
1616859720.3771338;0.0
1616859720.4714403;0.0
1616859720.5657403;0.0
1616859720.6600482;0.0
1616859720.7543597;0.0
1616859720.8486605;0.0
1616859720.9429905;0.0
1616859721.0372808;0.0
1616859721.1315806;0.0
1616859721.2258832;0.0
1616859721.3201804;0.0
1616859721.4144948;0.0
1616859721.508815;0.0
1616859721.6031475;0.0
1616859721.6974244;0.0
1616859721.7917368;0.0
1616859721.8860452;0.0
1616859721.9803572;0.0
1616859722.0746658;0.0
1616859722.1684926;0.0
1616859722.26277;0.0
1616859722.35705;0.0
1616859722.4513307;0.0
1616859722.545619;0.0
1616859722.6399007;0.0
1616859722.734189;0.0
1616859722.8284779;0.0
1616859722.9227633;0.0
1616859723.01705;0.0
1616859723.1113362;0.0
1616859723.2056289;0.0
1616859723.2999094;0.0
1616859723.394202;0.0
1616859723.4884953;0.0
1616859723.58278;0.0
1616859723.6771507;0.0
1616859723.771369;0.0
1616859723.8656366;0.0
1616859723.9599123;0.0
1616859724.054196;0.0
1616859724.148473;0.0
1616859724.242759;0.0
1616859724.33703;0.0
1616859724.4313731;0.0
1616859724.526152;0.0
1616859724.6203823;0.0
1616859724.714674;0.0
1616859724.8089657;0.0
1616859724.9032516;0.0
1616859724.9975464;0.0
1616859725.0919917;0.0
1616859725.186168;0.0
1616859725.2804713;0.0
1616859725.3747828;0.0
1616859725.4690845;0.0
1616859725.563394;0.0
1616859725.6576848;0.0
1616859725.7519805;0.0
1616859725.84628;0.0
1616859725.9405797;0.0
1616859726.034881;0.0
1616859726.1291835;0.0
1616859726.2234986;0.0
1616859726.3178034;0.0
1616859726.4120986;0.0
1616859726.506402;0.0
1616859726.6007195;0.0
1616859726.6950169;0.0
1616859726.7893226;0.0
1616859726.8836253;0.0
1616859726.9779308;0.0
1616859727.0722682;0.0
1616859727.1665516;0.0
1616859727.260856;0.0
1616859727.3551602;0.0
1616859727.4494624;0.0
1616859727.5437667;0.0
1616859727.6380746;0.0
1616859727.7323909;0.0
1616859727.8261957;0.0
1616859727.920476;0.0
1616859728.0147672;0.0
1616859728.109052;0.0
1616859728.203338;0.0
1616859728.297622;0.0
1616859728.3919158;0.0
1616859728.4862003;0.0
1616859728.580491;0.0
1616859728.6748047;0.0
1616859728.7690637;0.0
1616859728.8633416;0.0
1616859728.9576237;0.0
1616859729.0519094;0.0
1616859729.1461868;0.0
1616859729.2404656;0.0
1616859729.3347483;0.0
1616859729.4290347;0.0
1616859729.5233152;0.0
1616859729.6175952;0.0
1616859729.711892;0.0
1616859729.8061752;0.0
1616859729.9004586;0.0
1616859729.9947495;0.0
1616859730.0891123;0.0
1616859730.183812;0.0
1616859730.2780917;0.0
1616859730.3724184;0.0
1616859730.4666984;0.0
1616859730.5609882;0.0
1616859730.655447;0.0
1616859730.749624;0.0
1616859730.8438962;0.0
1616859730.9381866;0.0
1616859731.0325284;0.0
1616859731.1267977;0.0
1616859731.221096;0.0
1616859731.3153944;0.0
1616859731.4097068;0.0
1616859731.5040123;0.0
1616859731.5983188;0.0
1616859731.692649;0.0
1616859731.7869275;0.0
1616859731.881231;0.0
1616859731.9755275;0.0
1616859732.069832;0.0
1616859732.164142;0.0
1616859732.258443;0.0
1616859732.3527648;0.0
1616859732.4470427;0.0
1616859732.54135;0.0
1616859732.6356547;0.0
1616859732.7299528;0.0
1616859732.8242583;0.0
1616859732.9187453;0.0
1616859733.0129228;0.0
1616859733.107175;0.0
1616859733.2014747;0.0
1616859733.2957842;0.0
1616859733.389614;0.0
1616859733.4838977;0.0
1616859733.5781918;0.0
1616859733.6724858;0.0
1616859733.766823;0.0
1616859733.8610597;0.0
1616859733.9553251;0.0
1616859734.0496054;0.0
1616859734.1438854;0.0
1616859734.2381642;0.0
1616859734.332454;0.0
1616859734.4267251;0.0
1616859734.521008;0.0
1616859734.615295;0.0
1616859734.7095716;0.0
1616859734.8038895;0.0
1616859734.898122;0.0
1616859734.9924226;0.0
1616859735.086692;0.0
1616859735.1809857;0.0
1616859735.2752733;0.0
1616859735.3695629;0.0
1616859735.463854;0.0
1616859735.558137;0.0
1616859735.6525047;0.0
1616859735.7472599;0.0
1616859735.8414924;0.0
1616859735.9357727;0.0
1616859736.0300677;0.0
1616859736.1243699;0.0
1616859736.218666;0.0
1616859736.3131437;0.0
1616859736.4072824;0.0
1616859736.5015755;0.0
1616859736.5958807;0.0
1616859736.6901941;0.0
1616859736.784492;0.0
1616859736.8788078;0.0
1616859736.9731312;0.0
1616859737.0674174;0.0
1616859737.1617332;0.0
1616859737.2560391;0.0
1616859737.350343;0.0
1616859737.4446383;0.0
1616859737.538945;0.0
1616859737.633239;0.0
1616859737.7275531;0.0
1616859737.8218532;0.0
1616859737.9161577;0.0
1616859738.0104687;0.0
1616859738.1047819;0.0
1616859738.1990845;0.0
1616859738.2934005;0.0
1616859738.387705;0.0
1616859738.4820082;0.0
1616859738.5763252;0.0
1616859738.6706352;0.0
1616859738.7649887;0.0
1616859738.859261;0.0
1616859738.9535491;0.0
1616859739.04737;0.0
1616859739.1416514;0.0
1616859739.2359335;0.0
1616859739.3302186;0.0
1616859739.4245026;0.0
1616859739.518788;0.0
1616859739.6130795;0.0
1616859739.7073648;0.0
1616859739.8016598;0.0
1616859739.8960035;0.0
1616859739.9902437;0.0
1616859740.0845194;0.0
1616859740.178813;0.0
1616859740.2731013;0.0
1616859740.3673882;0.0
1616859740.461683;0.0
1616859740.5559711;0.0
1616859740.6502585;0.0
1616859740.7445478;0.0
1616859740.838839;0.0
1616859740.933119;0.0
1616859741.0274143;0.0
1616859741.1216905;0.0
1616859741.215978;0.0
1616859741.3103423;0.0
1616859741.405058;0.0
1616859741.4993463;0.0
1616859741.59366;0.0
1616859741.6879585;0.0
1616859741.7822852;0.0
1616859741.8767328;0.0
1616859741.9709175;0.0
1616859742.0652015;0.0
1616859742.159506;0.0
1616859742.2538285;0.0
1616859742.3481324;0.0
1616859742.4424546;0.0
1616859742.5367427;0.0
1616859742.6310458;0.0
1616859742.7253559;0.0
1616859742.8196561;0.0
1616859742.913976;0.0
1616859743.0082674;0.0
1616859743.1025913;0.0
1616859743.1968672;0.0
1616859743.2911665;0.0
1616859743.3854685;0.0
1616859743.4797654;0.0
1616859743.574068;0.0
1616859743.6683633;0.0
1616859743.7626894;0.0
1616859743.8569915;0.0
1616859743.9512992;0.0
1616859744.0456011;0.0
1616859744.1399035;0.0
1616859744.2342126;0.0
1616859744.3285205;0.0
1616859744.4228525;0.0
1616859744.5171325;0.0
1616859744.6109626;0.0
1616859744.7052553;0.0
1616859744.799545;0.0
1616859744.8938394;0.0
1616859744.9881296;0.0
1616859745.0824325;0.0
1616859745.1767066;0.0
1616859745.2710037;0.0
1616859745.365297;0.0
1616859745.4595897;0.0
1616859745.5538843;0.0
1616859745.648173;0.0
1616859745.7424686;0.0
1616859745.8367405;0.0
1616859745.931031;0.0
1616859746.0253148;0.0
1616859746.1196055;0.0
1616859746.2138894;0.0
1616859746.3081763;0.0
1616859746.402484;0.0
1616859746.496759;0.0
1616859746.5910487;0.0
1616859746.685339;0.0
1616859746.7796357;0.0
1616859746.8739805;0.0
1616859746.9687543;0.0
1616859747.0630312;0.0
1616859747.157314;0.0
1616859747.2516234;0.0
1616859747.3459272;0.0
1616859747.4402297;0.0
1616859747.5346973;0.0
1616859747.6288614;0.0
1616859747.723205;0.0
1616859747.8174658;0.0
1616859747.911766;0.0
1616859748.0060792;0.0
1616859748.100395;0.0
1616859748.194707;0.0
1616859748.2890222;0.0
1616859748.3833303;0.0
1616859748.4776497;0.0
1616859748.5719616;0.0
1616859748.6662774;0.0
1616859748.7605867;0.0
1616859748.8549097;0.0
1616859748.9492228;0.0
1616859749.0435345;0.0
1616859749.1378512;0.0
1616859749.2321568;0.0
1616859749.32646;0.0
1616859749.4207742;0.0
1616859749.5150845;0.0
1616859749.6093984;0.0
1616859749.7037144;0.0
1616859749.7980251;0.0
1616859749.8923683;0.0
1616859749.9866621;0.0
1616859750.0809746;0.0
1616859750.1752923;0.0
1616859750.26913;0.0
1616859750.363425;0.0
1616859750.4577193;0.0
1616859750.5520227;0.0
1616859750.6463144;0.0
1616859750.7406056;0.0
1616859750.8348997;0.0
1616859750.9291952;0.0
1616859751.0235045;0.0
1616859751.1177933;0.0
1616859751.2120893;0.0
1616859751.3063848;0.0
1616859751.4006774;0.0
1616859751.4949718;0.0
1616859751.5892694;0.0
1616859751.6835675;0.0
1616859751.7778609;0.0
1616859751.872157;0.0
1616859751.9664469;0.0
1616859752.0607429;0.0
1616859752.15504;0.0
1616859752.2493296;0.0
1616859752.3436272;0.0
1616859752.4379163;0.0
1616859752.5323095;0.0
1616859752.627013;0.0
1616859752.7212868;0.0
1616859752.8155868;0.0
1616859752.9098988;0.0
1616859753.004201;0.0
1616859753.0986688;0.0
1616859753.192878;0.0
1616859753.2871463;0.0
1616859753.3814561;0.0
1616859753.4757693;0.0
1616859753.5700943;0.0
1616859753.6644075;0.0
1616859753.7587228;0.0
1616859753.8530645;0.0
1616859753.9473634;0.0
1616859754.0416694;0.0
1616859754.1359794;0.0
1616859754.230287;0.0
1616859754.3246057;0.0
1616859754.418923;0.0
1616859754.5132349;0.0
1616859754.6075501;0.0
1616859754.701866;0.0
1616859754.7961745;0.0
1616859754.890494;0.0
1616859754.9848115;0.0
1616859755.0791256;0.0
1616859755.1734433;0.0
1616859755.26776;0.0
1616859755.3620741;0.0
1616859755.456396;0.0
1616859755.5507066;0.0
1616859755.6450326;0.0
1616859755.739339;0.0
1616859755.8331664;0.0
1616859755.9274533;0.0
1616859756.0217497;0.0
1616859756.1160374;0.0
1616859756.2103295;0.0
1616859756.3046277;0.0
1616859756.3989162;0.0
1616859756.4932141;0.0
1616859756.5875034;0.0
1616859756.6817997;0.0
1616859756.7760966;0.0
1616859756.8703878;0.0
1616859756.964678;0.0
1616859757.0589747;0.0
1616859757.153269;0.0
1616859757.2475636;0.0
1616859757.341861;0.0
1616859757.4361472;0.0
1616859757.5304396;0.0
1616859757.6247282;0.0
1616859757.7190115;0.0
1616859757.8132927;0.0
1616859757.9075806;0.0
1616859758.001872;0.0
1616859758.096225;0.0
1616859758.1910036;0.0
1616859758.2852502;0.0
1616859758.379558;0.0
1616859758.473854;0.0
1616859758.5681725;0.0
1616859758.6625054;0.0
1616859758.7569315;0.0
1616859758.8511195;0.0
1616859758.9454236;0.0
1616859759.0397375;0.0
1616859759.1340456;0.0
1616859759.228357;0.0
1616859759.322704;0.0
1616859759.4169765;0.0
1616859759.5112793;0.0
1616859759.6055996;0.0
1616859759.6999085;0.0
1616859759.7942224;0.0
1616859759.888536;0.0
1616859759.98288;0.0
1616859760.0771701;0.0
1616859760.1714852;0.0
1616859760.2658055;0.0
1616859760.360118;0.0
1616859760.4544365;0.0
1616859760.548744;0.0
1616859760.6431062;0.0
1616859760.7373776;0.0
1616859760.8316925;0.0
1616859760.9260073;0.0
1616859761.0203288;0.0
1616859761.114624;0.0
1616859761.208931;0.0
1616859761.303242;0.0
1616859761.397551;0.0
1616859761.4913843;0.0
1616859761.585674;0.0
1616859761.6799846;0.0
1616859761.7742755;0.0
1616859761.868564;0.0
1616859761.962859;0.0
1616859762.057149;0.0
1616859762.151446;0.0
1616859762.24574;0.0
1616859762.3400385;0.0
1616859762.4343278;0.0
1616859762.5286205;0.0
1616859762.6229053;0.0
1616859762.7172024;0.0
1616859762.8114944;0.0
1616859762.9057856;0.0
1616859763.0000803;0.0
1616859763.0943708;0.0
1616859763.188791;0.0
1616859763.2829688;0.0
1616859763.3772626;0.0
1616859763.4715533;0.0
1616859763.5658538;0.0
1616859763.6601505;0.0
1616859763.7545328;0.0
1616859763.8492327;0.0
1616859763.9435291;0.0
1616859764.0378416;0.0
1616859764.1321385;0.0
1616859764.2264383;0.0
1616859764.3209045;0.0
1616859764.4150858;0.0
1616859764.5093615;0.0
1616859764.6036777;0.0
1616859764.6979887;0.0
1616859764.7923315;0.0
1616859764.886617;0.0
1616859764.9809284;0.0
1616859765.0752525;0.0
1616859765.1695633;0.0
1616859765.2638774;0.0
1616859765.3581972;0.0
1616859765.4525325;0.0
1616859765.5468304;0.0
1616859765.6411433;0.0
1616859765.7354639;0.0
1616859765.8297791;0.0
1616859765.9240863;0.0
1616859766.0183892;0.0
1616859766.1127245;0.0
1616859766.2070076;0.0
1616859766.3013268;0.0
1616859766.3956435;0.0
1616859766.489957;0.0
1616859766.58427;0.0
1616859766.6785889;0.0
1616859766.7729316;0.0
1616859766.867225;0.0
1616859766.96154;0.0
1616859767.0553763;0.0
1616859767.1496806;0.0
1616859767.2439759;0.0
1616859767.3382733;0.0
1616859767.4325914;0.0
1616859767.5268688;0.0
1616859767.6211643;0.0
1616859767.715453;0.0
1616859767.8097477;0.0
1616859767.9040382;0.0
1616859767.9983327;0.0
1616859768.09264;0.0
1616859768.1869197;0.0
1616859768.2812152;0.0
1616859768.3755164;0.0
1616859768.4698143;0.0
1616859768.5641096;0.0
1616859768.6584105;0.0
1616859768.7527;0.0
1616859768.8470078;0.0
1616859768.9412768;0.0
1616859769.035635;0.0
1616859769.1298811;0.0
1616859769.2241597;0.0
1616859769.3185067;0.0
1616859769.4132845;0.0
1616859769.5075302;0.0
1616859769.6018252;0.0
1616859769.6961257;0.0
1616859769.7904284;0.0
1616859769.8847404;0.0
1616859769.9792073;0.0
1616859770.0733922;0.0
1616859770.1676912;0.0
1616859770.2619991;0.0
1616859770.3563201;0.0
1616859770.4506338;0.0
1616859770.5449495;0.0
1616859770.6392674;0.0
1616859770.7335827;0.0
1616859770.8278909;0.0
1616859770.922217;0.0
1616859771.0165286;0.0
1616859771.1108513;0.0
1616859771.2051513;0.0
1616859771.2994697;0.0
1616859771.393778;0.0
1616859771.488087;0.0
1616859771.5824275;0.0
1616859771.6767297;0.0
1616859771.7710435;0.0
1616859771.8653667;0.0
1616859771.9596791;0.0
1616859772.0539975;0.0
1616859772.1483102;0.0
1616859772.2426567;0.0
1616859772.3369427;0.0
1616859772.4312677;0.0
1616859772.5255775;0.0
1616859772.6198947;0.0
1616859772.7137282;0.0
1616859772.808023;0.0
1616859772.902331;0.0
1616859772.9966125;0.0
1616859773.0909097;0.0
1616859773.1852007;0.0
1616859773.2795026;0.0
1616859773.3737981;0.0
1616859773.4681041;0.0
1616859773.5624115;0.0
1616859773.6566992;0.0
1616859773.7509942;0.0
1616859773.8452923;0.0
1616859773.9395869;0.0
1616859774.0338838;0.0
1616859774.1281843;0.0
1616859774.2224789;0.0
1616859774.3167582;0.0
1616859774.411046;0.0
1616859774.5053384;0.0
1616859774.5996277;0.0
1616859774.693917;0.0
1616859774.7882135;0.0
1616859774.8825152;0.0
1616859774.9768753;0.0
1616859775.071639;0.0
1616859775.1658995;0.0
1616859775.260182;0.0
1616859775.354493;0.0
1616859775.4487977;0.0
1616859775.5433035;0.0
1616859775.637449;0.0
1616859775.7317514;0.0
1616859775.8260615;0.0
1616859775.9203641;0.0
1616859776.0146806;0.0
1616859776.1089804;0.0
1616859776.2033014;0.0
1616859776.2975998;0.0
1616859776.3919091;0.0
1616859776.4862263;0.0
1616859776.5805354;0.0
1616859776.674854;0.0
1616859776.7691636;0.0
1616859776.863484;0.0
1616859776.9577935;0.0
1616859777.0521152;0.0
1616859777.146424;0.0
1616859777.2407491;0.0
1616859777.3350642;0.0
1616859777.429379;0.0
1616859777.523708;0.0
1616859777.6180165;0.0
1616859777.7123506;0.0
1616859777.8066378;0.0
1616859777.9009511;0.0
1616859777.9952655;0.0
1616859778.0895853;0.0
1616859778.183908;0.0
1616859778.2777405;0.0
1616859778.372041;0.0
1616859778.4663384;0.0
1616859778.560641;0.0
1616859778.654942;0.0
1616859778.7492406;0.0
1616859778.8435383;0.0
1616859778.9378445;0.0
1616859779.0321417;0.0
1616859779.1264453;0.0
1616859779.2207518;0.0
1616859779.3150494;0.0
1616859779.40934;0.0
1616859779.5036366;0.0
1616859779.5979388;0.0
1616859779.6922348;0.0
1616859779.7865171;0.0
1616859779.880813;0.0
1616859779.9751098;0.0
1616859780.0694106;0.0
1616859780.1637483;0.0
1616859780.2580132;0.0
1616859780.3523257;0.0
1616859780.4466069;0.0
1616859780.5409544;0.0
1616859780.6357503;0.0
1616859780.7300036;0.0
1616859780.8243282;0.0
1616859780.9186358;0.0
1616859781.0129702;0.0
1616859781.107277;0.0
1616859781.2017276;0.0
1616859781.2959075;0.0
1616859781.3902116;0.0
1616859781.4845238;0.0
1616859781.5788572;0.0
1616859781.6731887;0.0
1616859781.7674844;0.0
1616859781.8618023;0.0
1616859781.9561203;0.0
1616859782.050436;0.0
1616859782.144757;0.0
1616859782.2390773;0.0
1616859782.3333929;0.0
1616859782.4277108;0.0
1616859782.5220385;0.0
1616859782.6163497;0.0
1616859782.7106676;0.0
1616859782.804982;0.0
1616859782.8993;0.0
1616859782.993609;0.0
1616859783.08793;0.0
1616859783.182273;0.0
1616859783.276553;0.0
1616859783.3708756;0.0
1616859783.4651928;0.0
1616859783.5595126;0.0
1616859783.6539817;0.0
1616859783.7481806;0.0
1616859783.8425083;0.0
1616859783.9363103;0.0
1616859784.0306108;0.0
1616859784.124911;0.0
1616859784.2192204;0.0
1616859784.3135073;0.0
1616859784.4078085;0.0
1616859784.5021064;0.0
1616859784.596407;0.0
1616859784.6907024;0.0
1616859784.7849991;0.0
1616859784.8792984;0.0
1616859784.9735992;0.0
1616859785.0679014;0.0
1616859785.162202;0.0
1616859785.2565048;0.0
1616859785.3508027;0.0
1616859785.4451067;0.0
1616859785.5394151;0.0
1616859785.6337101;0.0
1616859785.7280133;0.0
1616859785.822347;0.0
1616859785.9166238;0.0
1616859786.0109122;0.0
1616859786.105211;0.0
1616859786.1995828;0.0
1616859786.2942967;0.0
1616859786.3885825;0.0
1616859786.4829168;0.0
1616859786.5772169;0.0
1616859786.671529;0.0
1616859786.7659955;0.0
1616859786.860187;0.0
1616859786.9544818;0.0
1616859787.048796;0.0
1616859787.1431446;0.0
1616859787.237441;0.0
1616859787.331768;0.0
1616859787.4260874;0.0
1616859787.5204082;0.0
1616859787.6147423;0.0
1616859787.7090569;0.0
1616859787.8033762;0.0
1616859787.8976872;0.0
1616859787.9920151;0.0
1616859788.086322;0.0
1616859788.1806507;0.0
1616859788.2749734;0.0
1616859788.3692946;0.0
1616859788.4636164;0.0
1616859788.557939;0.0
1616859788.6522894;0.0
1616859788.7465913;0.0
1616859788.8409133;0.0
1616859788.9352317;0.0
1616859789.0295522;0.0
1616859789.1238794;0.0
1616859789.218202;0.0
1616859789.312553;0.0
1616859789.4068403;0.0
1616859789.5006766;0.0
1616859789.594975;0.0
1616859789.6892724;0.0
1616859789.7835696;0.0
1616859789.877873;0.0
1616859789.9721692;0.0
1616859790.066477;0.0
1616859790.1607742;0.0
1616859790.255077;0.0
1616859790.3493783;0.0
1616859790.4436772;0.0
1616859790.5379813;0.0
1616859790.6322958;0.0
1616859790.726594;0.0
1616859790.8208983;0.0
1616859790.9152098;0.0
1616859791.009508;0.0
1616859791.1038198;0.0
1616859791.1981127;0.0
1616859791.29242;0.0
1616859791.386709;0.0
1616859791.481002;0.0
1616859791.5753114;0.0
1616859791.6696105;0.0
1616859791.7639978;0.0
1616859791.8587246;0.0
1616859791.953034;0.0
1616859792.047325;0.0
1616859792.14165;0.0
1616859792.2359612;0.0
1616859792.3304062;0.0
1616859792.4247036;0.0
1616859792.5189285;0.0
1616859792.6132574;0.0
1616859792.7075677;0.0
1616859792.8018885;0.0
1616859792.896213;0.0
1616859792.9905274;0.0
1616859793.0848415;0.0
1616859793.1791544;0.0
1616859793.2734756;0.0
1616859793.367994;0.0
1616859793.4623013;0.0
1616859793.5564516;0.0
1616859793.6507792;0.0
1616859793.7451015;0.0
1616859793.83942;0.0
1616859793.933752;0.0
1616859794.02807;0.0
1616859794.1224356;0.0
1616859794.2167172;0.0
1616859794.3110464;0.0
1616859794.4053576;0.0
1616859794.499678;0.0
1616859794.5939975;0.0
1616859794.6883142;0.0
1616859794.7826679;0.0
1616859794.876958;0.0
1616859794.9712827;0.0
1616859795.0655951;0.0
1616859795.1594436;0.0
1616859795.2537417;0.0
1616859795.3480508;0.0
1616859795.442376;0.0
1616859795.5366569;0.0
1616859795.6309617;0.0
1616859795.725267;0.0
1616859795.819574;0.0
1616859795.913877;0.0
1616859796.0081828;0.0
1616859796.1024837;0.0
1616859796.1967797;0.0
1616859796.2910743;0.0
1616859796.3853762;0.0
1616859796.4796784;0.0
1616859796.5739782;0.0
1616859796.6682806;0.0
1616859796.762598;0.0
1616859796.8568852;0.0
1616859796.951187;0.0
1616859797.0454974;0.0
1616859797.139793;0.0
1616859797.234099;0.0
1616859797.3284032;0.0
1616859797.4227898;0.0
1616859797.517501;0.0
1616859797.6117988;0.0
1616859797.7061195;0.0
1616859797.8004227;0.0
1616859797.8947363;0.0
1616859797.9892097;0.0
1616859798.0834095;0.0
1616859798.177691;0.0
1616859798.2720106;0.0
1616859798.3663368;0.0
1616859798.4606507;0.0
1616859798.554975;0.0
1616859798.6492994;0.0
1616859798.7436187;0.0
1616859798.8379385;0.0
1616859798.9322963;0.0
1616859799.0265903;0.0
1616859799.1209188;0.0
1616859799.215227;0.0
1616859799.3095546;0.0
1616859799.403878;0.0
1616859799.4981952;0.0
1616859799.5925395;0.0
1616859799.6868277;0.0
1616859799.781148;0.0
1616859799.8754623;0.0
1616859799.9697888;0.0
1616859800.064113;0.0
1616859800.1584346;0.0
1616859800.2527816;0.0
1616859800.3470798;0.0
1616859800.441402;0.0
1616859800.535722;0.0
1616859800.6300511;0.0
1616859800.7238958;0.0
1616859800.8182032;0.0
1616859800.912522;0.0
1616859801.0068238;0.0
1616859801.1011326;0.0
1616859801.1954343;0.0
1616859801.2897353;0.0
1616859801.3840377;0.0
1616859801.4783385;0.0
1616859801.5726507;0.0
1616859801.666951;0.0
1616859801.7612505;0.0
1616859801.855563;0.0
1616859801.94987;0.0
1616859802.0441747;0.0
1616859802.1384816;0.0
1616859802.232787;0.0
1616859802.3270884;0.0
1616859802.4213912;0.0
1616859802.5156996;0.0
1616859802.609998;0.0
1616859802.7043116;0.0
1616859802.7986104;0.0
1616859802.8929527;0.0
1616859802.987298;0.0
1616859803.082024;0.0
1616859803.1763108;0.0
1616859803.270619;0.0
1616859803.36494;0.0
1616859803.4592476;0.0
1616859803.5537374;0.0
1616859803.6479425;0.0
1616859803.742251;0.0
1616859803.8365571;0.0
1616859803.9308755;0.0
1616859804.025203;0.0
1616859804.119524;0.0
1616859804.2138538;0.0
1616859804.308175;0.0
1616859804.4025264;0.0
1616859804.4968157;0.0
1616859804.5911422;0.0
1616859804.6854544;0.0
1616859804.7797656;0.0
1616859804.8740852;0.0
1616859804.968404;0.0
1616859805.0627506;0.0
1616859805.1570463;0.0
1616859805.2513764;0.0
1616859805.345698;0.0
1616859805.4400208;0.0
1616859805.5343468;0.0
1616859805.6286683;0.0
1616859805.723017;0.0
1616859805.8173094;0.0
1616859805.911643;0.0
1616859806.005957;0.0
1616859806.100289;0.0
1616859806.194605;0.0
1616859806.2889183;0.0
1616859806.382759;0.0
1616859806.4770572;0.0
1616859806.5713518;0.0
1616859806.6656523;0.0
1616859806.7599487;0.0
1616859806.8542452;0.0
1616859806.9485488;0.0
1616859807.0428555;0.0
1616859807.137155;0.0
1616859807.2314615;0.0
1616859807.3257604;0.0
1616859807.420069;0.0
1616859807.514368;0.0
1616859807.6086729;0.0
1616859807.7029781;0.0
1616859807.797276;0.0
1616859807.8916657;0.0
1616859807.985894;0.0
1616859808.0801733;0.0
1616859808.1744683;0.0
1616859808.2687635;0.0
1616859808.3630602;0.0
1616859808.457368;0.0
1616859808.5516608;0.0
1616859808.646042;0.0
1616859808.7407603;0.0
1616859808.8350642;0.0
1616859808.9293838;0.0
1616859809.023699;0.0
1616859809.1180174;0.0
1616859809.2125292;0.0
1616859809.3066864;0.0
1616859809.400999;0.0
1616859809.4953218;0.0
1616859809.5896323;0.0
1616859809.6839643;0.0
1616859809.7782762;0.0
1616859809.8726277;0.0
1616859809.9669263;0.0
1616859810.0612528;0.0
1616859810.1555784;0.0
1616859810.2499065;0.0
1616859810.3442264;0.0
1616859810.4385562;0.0
1616859810.532913;0.0
1616859810.6272135;0.0
1616859810.7215438;0.0
1616859810.8158774;0.0
1616859810.9102015;0.0
1616859811.004528;0.0
1616859811.098876;0.0
1616859811.193206;0.0
1616859811.2875025;0.0
1616859811.3818247;0.0
1616859811.47614;0.0
1616859811.5704725;0.0
1616859811.6648028;0.0
1616859811.759119;0.0
1616859811.8534412;0.0
1616859811.9472795;0.0
1616859812.041588;0.0
1616859812.1358967;0.0
1616859812.2302043;0.0
1616859812.324513;0.0
1616859812.4188197;0.0
1616859812.5131283;0.0
1616859812.6074362;0.0
1616859812.701743;0.0
1616859812.7960522;0.0
1616859812.8903494;0.0
1616859812.9846556;0.0
1616859813.0789502;0.0
1616859813.1732485;0.0
1616859813.2675548;0.0
1616859813.3618515;0.0
1616859813.4561505;0.0
1616859813.5504413;0.0
1616859813.644751;0.0
1616859813.7390501;0.0
1616859813.8333542;0.0
1616859813.9276597;0.0
1616859814.0219626;0.0
1616859814.1163092;0.0
1616859814.2106555;0.0
1616859814.3053913;0.0
1616859814.3996823;0.0
1616859814.4939964;0.0
1616859814.5883107;0.0
1616859814.6826565;0.0
1616859814.7770996;0.0
1616859814.8712952;0.0
1616859814.9655907;0.0
1616859815.0599086;0.0
1616859815.1542308;0.0
1616859815.2485492;0.0
1616859815.3429067;0.0
1616859815.437209;0.0
1616859815.5315363;0.0
1616859815.6258667;0.0
1616859815.720198;0.0
1616859815.814521;0.0
1616859815.9088464;0.0
1616859816.0031931;0.0
1616859816.0975037;0.0
1616859816.1918347;0.0
1616859816.286166;0.0
1616859816.3804862;0.0
1616859816.4748147;0.0
1616859816.569143;0.0
1616859816.6634717;0.0
1616859816.7577987;0.0
1616859816.852128;0.0
1616859816.9464538;0.0
1616859817.0407925;0.0
1616859817.1351266;0.0
1616859817.229455;0.0
1616859817.3237946;0.0
1616859817.418127;0.0
1616859817.512481;0.0
1616859817.6063051;0.0
1616859817.7006173;0.0
1616859817.794935;0.0
1616859817.889244;0.0
1616859817.9835508;0.0
1616859818.077859;0.0
1616859818.1721692;0.0
1616859818.2664783;0.0
1616859818.360784;0.0
1616859818.455089;0.0
1616859818.5493944;0.0
1616859818.6436927;0.0
1616859818.7380047;0.0
1616859818.8323226;0.0
1616859818.9266224;0.0
1616859819.0209293;0.0
1616859819.115238;0.0
1616859819.2095523;0.0
1616859819.3038623;0.0
1616859819.3981705;0.0
1616859819.492492;0.0
1616859819.5867867;0.0
1616859819.6810913;0.0
1616859819.7754607;0.0
1616859819.870272;0.0
1616859819.9645348;0.0
1616859820.0588427;0.0
1616859820.1531901;0.0
1616859820.2474895;0.0
1616859820.3418183;0.0
1616859820.4362943;0.0
1616859820.5305018;0.0
1616859820.6248183;0.0
1616859820.7191484;0.0
1616859820.813487;0.0
1616859820.9078214;0.0
1616859821.002146;0.0
1616859821.096492;0.0
1616859821.1908197;0.0
1616859821.285146;0.0
1616859821.37947;0.0
1616859821.4737992;0.0
1616859821.5681195;0.0
1616859821.662482;0.0
1616859821.7567892;0.0
1616859821.8511136;0.0
1616859821.9454522;0.0
1616859822.0397794;0.0
1616859822.1341138;0.0
1616859822.2284403;0.0
1616859822.3228102;0.0
1616859822.4171023;0.0
1616859822.511441;0.0
1616859822.6057706;0.0
1616859822.7001045;0.0
1616859822.794438;0.0
1616859822.8887696;0.0
1616859822.9831278;0.0
1616859823.0774229;0.0
1616859823.1712644;0.0
1616859823.2655654;0.0
1616859823.3598769;0.0
1616859823.4541795;0.0
1616859823.5484908;0.0
1616859823.6429434;0.0
1616859823.7371373;0.0
1616859823.831428;0.0
1616859823.9257393;0.0
1616859824.0200562;0.0
1616859824.1143634;0.0
1616859824.2086792;0.0
1616859824.3029904;0.0
1616859824.3973067;0.0
1616859824.4916184;0.0
1616859824.5859365;0.0
1616859824.680242;0.0
1616859824.7745543;0.0
1616859824.8688643;0.0
1616859824.9631755;0.0
1616859825.0574858;0.0
1616859825.1517885;0.0
1616859825.2460988;0.0
1616859825.3404105;0.0
1616859825.4348512;0.0
1616859825.5295496;0.0
1616859825.6238506;0.0
1616859825.7181778;0.0
1616859825.8125224;0.0
1616859825.9068346;0.0
1616859826.0013177;0.0
1616859826.0955338;0.0
1616859826.18983;0.0
1616859826.2841609;0.0
1616859826.3784811;0.0
1616859826.4728382;0.0
1616859826.5671477;0.0
1616859826.6614718;0.0
1616859826.755809;0.0
1616859826.8501365;0.0
1616859826.9444706;0.0
1616859827.0388024;0.0
1616859827.133146;0.0
1616859827.2274504;0.0
1616859827.321794;0.0
1616859827.4161327;0.0
1616859827.5106971;0.0
1616859827.604922;0.0
1616859827.699232;0.0
1616859827.7935758;0.0
1616859827.8879206;0.0
1616859827.9822795;0.0
1616859828.0765781;0.0
1616859828.1709092;0.0
1616859828.2652478;0.0
1616859828.3595855;0.0
1616859828.4540188;0.0
1616859828.5483286;0.0
1616859828.6426127;0.0
1616859828.736998;0.0
1616859829.1559844;0.0
1616859829.2503033;0.0
1616859829.3446069;0.0
1616859829.4389257;0.0
1616859829.5332687;0.0
1616859829.6275766;0.0
1616859829.7218866;0.0
1616859829.8162017;0.0
1616859829.9105153;0.0
1616859830.0048857;0.0
1616859830.0991347;0.0
1616859830.1934566;0.0
1616859830.287751;0.0
1616859830.3820732;0.0
1616859830.47644;0.0
1616859830.5706975;0.0
1616859830.6650627;0.0
1616859830.7593966;0.0
1616859830.8536742;0.0
1616859830.9480145;0.0
1616859831.0429454;0.0
1616859831.1372702;0.0
1616859831.2315574;0.0
1616859831.65101;0.0
1616859831.7452295;0.0
1616859831.8396406;0.0
1616859831.9339688;0.0
1616859832.028325;0.0
1616859832.1225688;0.0
1616859832.2169597;0.0
1616859832.3113296;0.0
1616859832.4055593;0.0
1616859832.4999893;0.0
1616859832.5942183;0.0
1616859832.688652;0.0
1616859832.7829638;0.0
1616859832.8772373;0.0
1616859832.9715912;0.0
1616859833.0659168;0.0
1616859833.160248;0.0
1616859833.2545836;0.0
1616859833.3489048;0.0
1616859833.4432845;0.0
1616859833.5375266;0.0
1616859833.6318145;0.0
1616859833.7261453;0.0
1616859833.8204648;0.0
1616859833.9147983;0.0
1616859834.0091205;0.0
1616859834.1034558;0.0
1616859834.197788;0.0
1616859834.2921293;0.0
1616859834.3859727;0.0
1616859834.4802978;0.0
1616859834.574616;0.0
1616859834.6689343;0.0
1616859834.7632468;0.0
1616859834.8575609;0.0
1616859834.951874;0.0
1616859835.046185;0.0
1616859835.1404977;0.0
1616859835.234812;0.0
1616859835.329127;0.0
1616859835.4234414;0.0
1616859835.5177665;0.0
1616859835.6120846;0.0
1616859835.7064004;0.0
1616859835.8007226;0.0
1616859835.895036;0.0
1616859835.9893517;0.0
1616859836.0836663;0.0
1616859836.177991;0.0
1616859836.2723343;0.0
1616859836.366626;0.0
1616859836.4609363;0.0
1616859836.5552592;0.0
1616859836.6496556;0.0
1616859836.7444174;0.0
1616859836.8387015;0.0
1616859836.9330473;0.0
1616859837.0273557;0.0
1616859837.121674;0.0
1616859837.2161703;0.0
1616859837.3103883;0.0
1616859837.4046893;0.0
1616859837.499024;0.0
1616859837.593402;0.0
1616859837.6876998;0.0
1616859837.7820277;0.0
1616859837.8763673;0.0
1616859837.9706964;0.0
1616859838.0650327;0.0
1616859838.1594274;0.0
1616859838.2537286;0.0
1616859838.348036;0.0
1616859838.4423935;0.0
1616859838.5366976;0.0
1616859838.631041;0.0
1616859838.7253776;0.0
1616859838.8197055;0.0
1616859838.9140432;0.0
1616859839.0083811;0.0
1616859839.102737;0.0
1616859839.1970513;0.0
1616859839.2913907;0.0
1616859839.3857234;0.0
1616859839.4800603;0.0
1616859839.574405;0.0
1616859839.668755;0.0
1616859839.763129;0.0
1616859839.8574102;0.0
1616859839.9517531;0.0
1616859840.045592;0.0
1616859840.1399066;0.0
1616859840.2342255;0.0
1616859840.328539;0.0
1616859840.4228578;0.0
1616859840.517177;0.0
1616859840.6114926;0.0
1616859840.7058141;0.0
1616859840.800137;0.0
1616859840.8944523;0.0
1616859840.9887688;0.0
1616859841.0830975;0.0
1616859841.1774073;0.0
1616859841.2717276;0.0
1616859841.3660538;0.0
1616859841.460364;0.0
1616859841.554691;0.0
1616859841.648996;0.0
1616859841.7433167;0.0
1616859841.8376215;0.0
1616859841.931934;0.0
1616859842.0263445;0.0
1616859842.120588;0.0
1616859842.214942;0.0
1616859842.309764;0.0
1616859842.40405;0.0
1616859842.4983635;0.0
1616859842.5927124;0.0
1616859842.6870162;0.0
1616859842.7813597;0.0
1616859842.8758397;0.0
1616859842.9701052;0.0
1616859843.0643902;0.0
1616859843.1587136;0.0
1616859843.2530546;0.0
1616859843.347363;0.0
1616859843.4416883;0.0
1616859843.5360205;0.0
1616859843.63036;0.0
1616859843.72469;0.0
1616859843.819023;0.0
1616859843.9133534;0.0
1616859844.0076869;0.0
1616859844.1021156;0.0
1616859844.1965606;0.0
1616859844.2907865;0.0
1616859844.3851428;0.0
1616859844.479453;0.0
1616859844.5737746;0.0
1616859844.66814;0.0
1616859844.7624903;0.0
1616859844.8568037;0.0
1616859844.9511197;0.0
1616859845.0454512;0.0
1616859845.1397755;0.0
1616859845.234235;0.0
1616859845.3284354;0.0
1616859845.4227998;0.0
1616859845.5172048;0.0
1616859845.6108787;0.0
1616859845.7052004;0.0
1616859845.7995708;0.0
1616859845.893845;0.0
1616859845.9881475;0.0
1616859846.082468;0.0
1616859846.176781;0.0
1616859846.2710783;0.0
1616859846.365415;0.0
1616859846.4597716;0.0
1616859846.5540435;0.0
1616859846.6483915;0.0
1616859846.7426622;0.0
1616859846.836958;0.0
1616859846.9313211;0.0
1616859847.0255725;0.0
1616859847.1199334;0.0
1616859847.214184;0.0
1616859847.3084886;0.0
1616859847.4028232;0.0
1616859847.4971225;0.0
1616859847.5915027;0.0
1616859847.685752;0.0
1616859847.7801225;0.0
1616859847.8744535;0.0
1616859847.9692607;0.0
1616859848.0636923;0.0
1616859848.1579037;0.0
1616859848.2522123;0.0
1616859848.346677;0.0
1616859848.4410899;0.0
1616859848.5352325;0.0
1616859848.629637;0.0
1616859848.7238429;0.0
1616859848.81813;0.0
1616859848.9124742;0.0
1616859849.0067828;0.0
1616859849.1011035;0.0
1616859849.1954257;0.0
1616859849.2897513;0.0
1616859849.3840802;0.0
1616859849.4783766;0.0
1616859849.5726843;0.0
1616859849.6669748;0.0
1616859849.761312;0.0
1616859849.8556335;0.0
1616859849.9500046;0.0
1616859850.0442889;0.0
1616859850.1385906;0.0
1616859850.2329316;0.0
1616859850.327228;0.0
1616859850.421566;0.0
1616859850.5158923;0.0
1616859850.6102161;0.0
1616859850.7045507;0.0
1616859850.7988784;0.0
1616859850.8932164;0.0
1616859850.9875553;0.0
1616859851.0818956;0.0
1616859851.1762192;0.0
1616859851.2700675;0.0
1616859851.3643796;0.0
1616859851.4586878;0.0
1616859851.5529945;0.0
1616859851.6472976;0.0
1616859851.7416077;0.0
1616859851.8359098;0.0
1616859851.9302082;0.0
1616859852.0245173;0.0
1616859852.1188242;0.0
1616859852.213131;0.0
1616859852.3074412;0.0
1616859852.4017565;0.0
1616859852.4960637;0.0
1616859852.5903778;0.0
1616859852.684681;0.0
1616859852.7789936;0.0
1616859852.8733077;0.0
1616859852.9676106;0.0
1616859853.0619314;0.0
1616859853.1562414;0.0
1616859853.250543;0.0
1616859853.3448424;0.0
1616859853.439202;0.0
1616859853.534005;0.0
1616859853.6282592;0.0
1616859853.722607;0.0
1616859853.8168924;0.0
1616859853.9113925;0.0
1616859854.0055778;0.0
1616859854.1000123;0.0
1616859854.1942103;0.0
1616859854.2885237;0.0
1616859854.3828678;0.0
1616859854.4771748;0.0
1616859854.5715096;0.0
1616859854.6658404;0.0
1616859854.7601733;0.0
1616859854.8544939;0.0
1616859854.9488187;0.0
1616859855.043169;0.0
1616859855.1374745;0.0
1616859855.2317934;0.0
1616859855.3261218;0.0
1616859855.420446;0.0
1616859855.5147696;0.0
1616859855.6090996;0.0
1616859855.7034183;0.0
1616859855.7977521;0.0
1616859855.8920748;0.0
1616859855.98641;0.0
1616859856.0807412;0.0
1616859856.1750753;0.0
1616859856.2694066;0.0
1616859856.3637507;0.0
1616859856.4580777;0.0
1616859856.5524426;0.0
1616859856.6467354;0.0
1616859856.741045;0.0
1616859856.834895;0.0
1616859856.9292;0.0
1616859857.0235047;0.0
1616859857.1178153;0.0
1616859857.212124;0.0
1616859857.3064349;0.0
1616859857.4007459;0.0
1616859857.4950614;0.0
1616859857.5893686;0.0
1616859857.683685;0.0
1616859857.7779894;0.0
1616859857.8723238;0.0
1616859857.9666116;0.0
1616859858.060927;0.0
1616859858.1552413;0.0
1616859858.249551;0.0
1616859858.3439074;0.0
1616859858.4381747;0.0
1616859858.5325193;0.0
1616859858.6267943;0.0
1616859858.721114;0.0
1616859858.8154132;0.0
1616859858.9097295;0.0
1616859859.0040374;0.0
1616859859.0984342;0.0
1616859859.1932094;0.0
1616859859.2874765;0.0
1616859859.381806;0.0
1616859859.476129;0.0
1616859859.5704553;0.0
1616859859.664949;0.0
1616859859.7591496;0.0
1616859859.853456;0.0
1616859859.947783;0.0
1616859860.0421011;0.0
1616859860.1364317;0.0
1616859860.2307665;0.0
1616859860.325094;0.0
1616859860.4194295;0.0
1616859860.5137508;0.0
1616859860.6080813;0.0
1616859860.7024376;0.0
1616859860.7967534;0.0
1616859860.891072;0.0
1616859860.9854085;0.0
1616859861.0797546;0.0
1616859861.1740725;0.0
1616859861.2684076;0.0
1616859861.3627563;0.0
1616859861.45708;0.0
1616859861.551408;0.0
1616859861.6457355;0.0
1616859861.7400634;0.0
1616859861.8343954;0.0
1616859861.9287179;0.0
1616859862.0230782;0.0
1616859862.117382;0.0
1616859862.2117095;0.0
1616859862.3060453;0.0
1616859862.4003828;0.0
1616859862.4942362;0.0
1616859862.5885496;0.0
1616859862.682864;0.0
1616859862.7771745;0.0
1616859862.8714933;0.0
1616859862.9658077;0.0
1616859863.0601199;0.0
1616859863.1544418;0.0
1616859863.2487485;0.0
1616859863.3430603;0.0
1616859863.4373639;0.0
1616859863.5316777;0.0
1616859863.625988;0.0
1616859863.720299;0.0
1616859863.814608;0.0
1616859863.9089158;0.0
1616859864.0032353;0.0
1616859864.0975454;0.0
1616859864.1918597;0.0
1616859864.2861753;0.0
1616859864.3804877;0.0
1616859864.474798;0.0
1616859864.569107;0.0
1616859864.663486;0.0
1616859864.7582815;0.0
1616859864.8525882;0.0
1616859864.9468713;0.0
1616859865.0411925;0.0
1616859865.135511;0.0
1616859865.229833;0.0
1616859865.324325;0.0
1616859865.4185116;0.0
1616859865.5128486;0.0
1616859865.6071594;0.0
1616859865.701497;0.0
1616859865.7958288;0.0
1616859865.890165;0.0
1616859865.9844985;0.0
1616859866.0788317;0.0
1616859866.1731868;0.0
1616859866.2675052;0.0
1616859866.3618405;0.0
1616859866.4561818;0.0
1616859866.5505173;0.0
1616859866.64485;0.0
1616859866.7391903;0.0
1616859866.8335207;0.0
1616859866.9278498;0.0
1616859867.0221803;0.0
1616859867.11651;0.0
1616859867.2108388;0.0
1616859867.305177;0.0
1616859867.3995082;0.0
1616859867.4938474;0.0
1616859867.5881884;0.0
1616859867.6825497;0.0
1616859867.7768617;0.0
1616859867.8712149;0.0
1616859867.9655375;0.0
1616859868.0593917;0.0
1616859868.15371;0.0
1616859868.24803;0.0
1616859868.3424194;0.0
1616859868.4366868;0.0
1616859868.5309744;0.0
1616859868.6252823;0.0
1616859868.7195938;0.0
1616859868.8139129;0.0
1616859868.908224;0.0
1616859869.0025482;0.0
1616859869.0968537;0.0
1616859869.1911678;0.0
1616859869.2854848;0.0
1616859869.379803;0.0
1616859869.4741185;0.0
1616859869.5684354;0.0
1616859869.662748;0.0
1616859869.7570703;0.0
1616859869.851388;0.0
1616859869.945705;0.0
1616859870.040016;0.0
1616859870.1343267;0.0
1616859870.2286413;0.0
1616859870.3230388;0.0
1616859870.4177647;0.0
1616859870.5120761;0.0
1616859870.6064005;0.0
1616859870.7007303;0.0
1616859870.795056;0.0
1616859870.8895464;0.0
1616859870.9837565;0.0
1616859871.0780814;0.0
1616859871.1724365;0.0
1616859871.2667384;0.0
1616859871.361075;0.0
1616859871.4554157;0.0
1616859871.5497556;0.0
1616859871.6441367;0.0
1616859871.7384355;0.0
1616859871.8327684;0.0
1616859871.9270933;0.0
1616859872.0214138;0.0
1616859872.1157491;0.0
1616859872.210083;0.0
1616859872.3044145;0.0
1616859872.3987436;0.0
1616859872.49315;0.0
1616859872.5874133;0.0
1616859872.6817439;0.0
1616859872.7760792;0.0
1616859872.8704064;0.0
1616859872.9647505;0.0
1616859873.0590785;0.0
1616859873.153417;0.0
1616859873.247763;0.0
1616859873.3420837;0.0
1616859873.4364612;0.0
1616859873.5307443;0.0
1616859873.6246269;0.0
1616859873.7189157;0.0
1616859873.8132074;0.0
1616859873.9075153;0.0
1616859874.0018315;0.0
1616859874.0961337;0.0
1616859874.1904285;0.0
1616859874.284736;0.0
1616859874.3790486;0.0
1616859874.4733658;0.0
1616859874.5676804;0.0
1616859874.6619978;0.0
1616859874.756309;0.0
1616859874.8506289;0.0
1616859874.9449527;0.0
1616859875.0392642;0.0
1616859875.1335692;0.0
1616859875.2278779;0.0
1616859875.3221934;0.0
1616859875.4164996;0.0
1616859875.5108137;0.0
1616859875.6051188;0.0
1616859875.6994345;0.0
1616859875.793748;0.0
1616859875.8881214;0.0
1616859875.9829457;0.0
1616859876.0772004;0.0
1616859876.1715205;0.0
1616859876.265846;0.0
1616859876.3601785;0.0
1616859876.4545107;0.0
1616859876.548986;0.0
1616859876.6432667;0.0
1616859876.7375202;0.0
1616859876.8318436;0.0
1616859876.9261727;0.0
1616859877.0205054;0.0
1616859877.1148472;0.0
1616859877.209168;0.0
1616859877.3035;0.0
1616859877.3978417;0.0
1616859877.4921668;0.0
1616859877.5865073;0.0
1616859877.6808522;0.0
1616859877.7751837;0.0
1616859877.8695226;0.0
1616859877.9638646;0.0
1616859878.058202;0.0
1616859878.1525803;0.0
1616859878.2468736;0.0
1616859878.3412025;0.0
1616859878.435544;0.0
1616859878.5298753;0.0
1616859878.6242054;0.0
1616859878.7185488;0.0
1616859878.8128963;0.0
1616859878.9072087;0.0
1616859879.0015435;0.0
1616859879.0958757;0.0
1616859879.1902113;0.0
1616859879.2840745;0.0
1616859879.3783922;0.0
1616859879.4727206;0.0
1616859879.5670362;0.0
1616859879.6613548;0.0
1616859879.7556703;0.0
1616859879.8499925;0.0
1616859879.9443138;0.0
1616859880.0386238;0.0
1616859880.1329443;0.0
1616859880.227255;0.0
1616859880.3215656;0.0
1616859880.41588;0.0
1616859880.5101905;0.0
1616859880.604506;0.0
1616859880.6988182;0.0
1616859880.793133;0.0
1616859880.8874497;0.0
1616859880.9817712;0.0
1616859881.0760906;0.0
1616859881.1704054;0.0
1616859881.2647243;0.0
1616859881.3590364;0.0
1616859881.4533536;0.0
1616859881.5477946;0.0
1616859881.6425374;0.0
1616859881.7368047;0.0
1616859881.8311188;0.0
1616859881.9254584;0.0
1616859882.0197728;0.0
1616859882.1142564;0.0
1616859882.2084513;0.0
1616859882.3027935;0.0
1616859882.3970978;0.0
1616859882.4914296;0.0
1616859882.5857615;0.0
1616859882.6801052;0.0
1616859882.7744336;0.0
1616859882.8687727;0.0
1616859882.9631314;0.0
1616859883.057446;0.0
1616859883.1517868;0.0
1616859883.2461212;0.0
1616859883.3404717;0.0
1616859883.4347992;0.0
1616859883.529139;0.0
1616859883.623663;0.0
1616859883.7179422;0.0
1616859883.812256;0.0
1616859883.9065723;0.0
1616859884.0009024;0.0
1616859884.095245;0.0
1616859884.1897454;0.0
1616859884.2839327;0.0
1616859884.3783844;0.0
1616859884.4726288;0.0
1616859884.5671005;0.0
1616859884.661266;0.0
1616859884.7556047;0.0
1616859884.8494093;0.0
1616859884.943723;0.0
1616859885.0381079;0.0
1616859885.1323807;0.0
1616859885.226683;0.0
1616859885.320991;0.0
1616859885.4153228;0.0
1616859885.5096238;0.0
1616859885.6039298;0.0
1616859885.6982539;0.0
1616859885.7925549;0.0
1616859885.886865;0.0
1616859885.981185;0.0
1616859886.075502;0.0
1616859886.1698663;0.0
1616859886.26414;0.0
1616859886.3584638;0.0
1616859886.4527857;0.0
1616859886.5471;0.0
1616859886.641472;0.0
1616859886.7358155;0.0
1616859886.8301082;0.0
1616859886.9243772;0.0
1616859887.0186818;0.0
1616859887.1131313;0.0
1616859887.2078688;0.0
1616859887.3021712;0.0
1616859887.3964887;0.0
1616859887.4909277;0.0
1616859887.5851288;0.0
1616859887.6797364;0.0
1616859887.773929;0.0
1616859887.86814;0.0
1616859887.9624918;0.0
1616859888.0568979;0.0
1616859888.151217;0.0
1616859888.2454648;0.0
1616859888.3398068;0.0
1616859888.4342425;0.0
1616859888.5286193;0.0
1616859888.6228404;0.0
1616859888.7171552;0.0
1616859888.8116133;0.0
1616859888.9059162;0.0
1616859889.0001092;0.0
1616859889.094392;0.0
1616859889.1887023;0.0
1616859889.2830627;0.0
1616859889.3773673;0.0
1616859889.4717028;0.0
1616859889.5660186;0.0
1616859889.6603553;0.0
1616859889.7546873;0.0
1616859889.8490255;0.0
1616859889.9433572;0.0
1616859890.0376952;0.0
1616859890.132027;0.0
1616859890.2263615;0.0
1616859890.3206866;0.0
1616859890.4150195;0.0
1616859890.508873;0.0
1616859890.603191;0.0
1616859890.6975062;0.0
1616859890.7918184;0.0
1616859890.8861363;0.0
1616859890.9804492;0.0
1616859891.07478;0.0
1616859891.1690838;0.0
1616859891.2634046;0.0
1616859891.3577259;0.0
1616859891.4520397;0.0
1616859891.5463579;0.0
1616859891.6406744;0.0
1616859891.734997;0.0
1616859891.8293002;0.0
1616859891.923615;0.0
1616859892.0179276;0.0
1616859892.1122565;0.0
1616859892.206553;0.0
1616859892.3008664;0.0
1616859892.3951848;0.0
1616859892.489497;0.0
1616859892.583815;0.0
1616859892.6781383;0.0
1616859892.7725365;0.0
1616859892.8672643;0.0
1616859892.9615932;0.0
1616859893.0559273;0.0
1616859893.1502595;0.0
1616859893.2445953;0.0
1616859893.339089;0.0
1616859893.4333067;0.0
1616859893.5276191;0.0
1616859893.6219552;0.0
1616859893.7163036;0.0
1616859893.8106291;0.0
1616859893.9049594;0.0
1616859893.9992979;0.0
1616859894.0936422;0.0
1616859894.1879723;0.0
1616859894.2823353;0.0
1616859894.3766496;0.0
1616859894.4709983;0.0
1616859894.5653334;0.0
1616859894.6596806;0.0
1616859894.7540226;0.0
1616859894.848365;0.0
1616859894.9427316;0.0
1616859895.0370414;0.0
1616859895.131394;0.0
1616859895.2257278;0.0
1616859895.3200612;0.0
1616859895.414401;0.0
1616859895.5087364;0.0
1616859895.6030896;0.0
1616859895.6974015;0.0
1616859895.791746;0.0
1616859895.8860846;0.0
1616859895.9804232;0.0
1616859896.0742772;0.0
1616859896.1686027;0.0
1616859896.262915;0.0
1616859896.357237;0.0
1616859896.451557;0.0
1616859896.545879;0.0
1616859896.6402004;0.0
1616859896.734529;0.0
1616859896.8288474;0.0
1616859896.9231648;0.0
1616859897.017478;0.0
1616859897.1117942;0.0
1616859897.2061098;0.0
1616859897.300423;0.0
1616859897.3947406;0.0
1616859897.4890575;0.0
1616859897.5833805;0.0
1616859897.6777039;0.0
1616859897.7720277;0.0
1616859897.8663518;0.0
1616859897.960673;0.0
1616859898.0549908;0.0
1616859898.1493092;0.0
1616859898.2436347;0.0
1616859898.338028;0.0
1616859898.4328413;0.0
1616859898.5270905;0.0
1616859898.6214345;0.0
1616859898.715759;0.0
1616859898.8100805;0.0
1616859898.9045775;0.0
1616859898.9987879;0.0
1616859899.0931087;0.0
1616859899.187412;0.0
1616859899.2817576;0.0
1616859899.3760946;0.0
1616859899.4704294;0.0
1616859899.564778;0.0
1616859899.6591165;0.0
1616859899.753463;0.0
1616859899.847804;0.0
1616859899.9421422;0.0
1616859900.0364819;0.0
1616859900.1308358;0.0
1616859900.22516;0.0
1616859900.319507;0.0
1616859900.4138353;0.0
1616859900.5081713;0.0
1616859900.6025343;0.0
1616859900.6968405;0.0
1616859900.7911732;0.0
1616859900.8854938;0.0
1616859900.9798234;0.0
1616859901.0741646;0.0
1616859901.1685035;0.0
1616859901.262865;0.0
1616859901.357183;0.0
1616859901.4515173;0.0
1616859901.5458782;0.0
1616859901.6402054;0.0
1616859901.7340562;0.0
1616859901.8283863;0.0
1616859901.9227054;0.0
1616859902.0170183;0.0
1616859902.1113274;0.0
1616859902.205651;0.0
1616859902.2999637;0.0
1616859902.3942845;0.0
1616859902.488609;0.0
1616859902.5829172;0.0
1616859902.6772313;0.0
1616859902.7715495;0.0
1616859902.865871;0.0
1616859902.9601934;0.0
1616859903.0545173;0.0
1616859903.1488366;0.0
1616859903.2431493;0.0
1616859903.337471;0.0
1616859903.4317908;0.0
1616859903.5261168;0.0
1616859903.6205554;0.0
1616859903.7147954;0.0
1616859903.809063;0.0
1616859903.9034345;0.0
1616859903.9982445;0.0
1616859904.0925496;0.0
1616859904.1868532;0.0
1616859904.2811718;0.0
1616859904.3755076;0.0
1616859904.469842;0.0
1616859904.564324;0.0
1616859904.6585262;0.0
1616859904.7528775;0.0
1616859904.8471873;0.0
1616859904.9415276;0.0
1616859905.0358732;0.0
1616859905.1302032;0.0
1616859905.224555;0.0
1616859905.318878;0.0
1616859905.4132118;0.0
1616859905.5075424;0.0
1616859905.6019359;0.0
1616859905.696224;0.0
1616859905.7905571;0.0
1616859905.8848896;0.0
1616859905.9792273;0.0
1616859906.0735667;0.0
1616859906.1679108;0.0
1616859906.2622766;0.0
1616859906.356593;0.0
1616859906.4509337;0.0
1616859906.5452724;0.0
1616859906.639612;0.0
1616859906.733953;0.0
1616859906.828314;0.0
1616859906.922667;0.0
1616859907.0169733;0.0
1616859907.111315;0.0
1616859907.205654;0.0
1616859907.299503;0.0
1616859907.3938162;0.0
1616859907.4881377;0.0
1616859907.582466;0.0
1616859907.6767797;0.0
1616859907.7711012;0.0
1616859907.8654203;0.0
1616859907.9597402;0.0
1616859908.0540607;0.0
1616859908.148382;0.0
1616859908.242709;0.0
1616859908.3370261;0.0
1616859908.4313455;0.0
1616859908.5256727;0.0
1616859908.619993;0.0
1616859908.7143478;0.0
1616859908.8086107;0.0
1616859908.9029145;0.0
1616859908.9972303;0.0
1616859909.0915444;0.0
1616859909.1858666;0.0
1616859909.280179;0.0
1616859909.3745036;0.0
1616859909.4688184;0.0
1616859909.5632267;0.0
1616859909.6579716;0.0
1616859909.752316;0.0
1616859909.8466148;0.0
1616859909.9409485;0.0
1616859910.0352864;0.0
1616859910.1297941;0.0
1616859910.2240093;0.0
1616859910.3183045;0.0
1616859910.4126713;0.0
1616859910.5069768;0.0
1616859910.6013124;0.0
1616859910.6956656;0.0
1616859910.789993;0.0
1616859910.8843412;0.0
1616859910.978672;0.0
1616859911.073046;0.0
1616859911.1673615;0.0
1616859911.2617064;0.0
1616859911.356052;0.0
1616859911.4503973;0.0
1616859911.5447397;0.0
1616859911.6390839;0.0
1616859911.7334304;0.0
1616859911.8277848;0.0
1616859911.9221258;0.0
1616859912.0164623;0.0
1616859912.1108043;0.0
1616859912.2051463;0.0
1616859912.2994905;0.0
1616859912.3938367;0.0
1616859912.4881713;0.0
1616859912.5825458;0.0
1616859912.676858;0.0
1616859912.7712126;0.0
1616859912.8655498;0.0
1616859912.9594083;0.0
1616859913.0537305;0.0
1616859913.1480632;0.0
1616859913.2424026;0.0
1616859913.3367167;0.0
1616859913.4310448;0.0
1616859913.5253718;0.0
1616859913.6197038;0.0
1616859913.7140772;0.0
1616859913.808354;0.0
1616859913.9026773;0.0
1616859913.9969878;0.0
1616859914.0913093;0.0
1616859914.1856349;0.0
1616859914.279957;0.0
1616859914.3744233;0.0
1616859914.4686503;0.0
1616859914.5629396;0.0
1616859914.657258;0.0
1616859914.75158;0.0
1616859914.8459086;0.0
1616859914.940221;0.0
1616859915.03455;0.0
1616859915.1289222;0.0
1616859915.2232518;0.0
1616859915.3180125;0.0
1616859915.4123576;0.0
1616859915.5066617;0.0
1616859915.6009943;0.0
1616859915.6953273;0.0
1616859915.7898262;0.0
1616859915.8840268;0.0
1616859915.9783378;0.0
1616859916.0727165;0.0
1616859916.167019;0.0
1616859916.2613628;0.0
1616859916.3557;0.0
1616859916.450043;0.0
1616859916.5443835;0.0
1616859916.6387217;0.0
