1616859232.3420026;1.5988742046010485
1616859232.436309;3.2706803720019293
1616859232.530699;4.5239843367596375
1616859232.625249;5.565834557023956
1616859232.7195275;6.12090063631911
1616859232.8139253;6.259667156142899
1616859232.9083438;5.616495349975498
1616859233.00277;4.438081253059198
1616859233.0971482;4.081253059226599
1616859233.1915646;2.7001957905041323
1616859233.2859633;1.7662750856583171
1616859233.38035;0.9336759667155858
1616859233.4769633;0.0
1616859233.5715208;0.0
1616859233.6659265;0.0
1616859233.7603338;0.0
1616859233.8547134;0.0
1616859233.9490955;0.0
1616859234.0434847;0.0
1616859234.1378345;0.0
1616859234.2321765;0.0
1616859234.3251634;0.0
1616859234.4195528;0.0
1616859234.5139196;0.0
1616859234.6082866;0.0
1616859234.7026591;0.0
1616859234.7970333;0.0
1616859234.891412;0.0
1616859234.9857721;0.0
1616859235.0800686;0.0
1616859235.1744044;0.0
1616859235.2687342;0.0
1616859235.363096;0.0
1616859235.4574199;0.0
1616859235.5517704;0.0
1616859235.6461337;0.0
1616859235.7404945;0.0
1616859235.8348644;0.0
1616859235.9292462;0.0
1616859236.023695;0.0
1616859236.118025;0.0
1616859236.212401;0.0
1616859236.306778;0.0
1616859236.4012294;0.0
1616859236.4955196;0.0
1616859236.589889;0.0
1616859236.6853688;0.0
1616859236.7797403;0.0
1616859236.8741422;0.0
1616859236.968469;0.0
1616859237.0627556;0.0
1616859237.157295;0.0
1616859237.251577;0.0
1616859237.3459382;0.0
1616859237.4402244;0.0
1616859237.5346727;0.0
1616859237.628966;0.0
1616859237.7234821;0.0
1616859237.8177273;0.0
1616859237.9122064;0.0
1616859238.0064964;0.0
1616859238.1009321;0.0
1616859238.1952534;0.0
1616859238.2897525;0.0
1616859238.3840742;0.0
1616859238.4785204;0.0
1616859238.5729654;0.0
1616859238.667311;0.0
1616859238.7615938;0.0
1616859238.8560688;0.0
1616859238.9503546;0.0
1616859239.0448244;0.4468918257464228
1616859239.1391234;1.8764072442486253
1616859239.2336435;0.4931473323543523
1616859239.328016;3.995349975526159
1616859239.4224513;4.3808125305922365
1616859239.5168307;3.6803720019578767
1616859239.611159;0.5372001957904756
1616859239.705529;0.0
1616859239.7999182;0.08786098874201753
1616859239.893297;0.0
1616859239.9876528;0.8631913852177885
1616859240.0820346;0.9446891825746166
1616859240.1763985;0.8301517376406959
1616859240.2707615;1.631913852178141
1616859240.365144;2.6913852178169075
1616859240.4595046;4.321341164953472
1616859240.5538685;5.012971120900608
1616859240.6482234;5.358786098874176
1616859240.7426255;5.680372001957878
1616859240.836978;5.8852178169358496
1616859240.9313715;6.1693587860988455
1616859241.0257285;6.528389623103251
1616859241.120106;6.442486539402809
1616859241.2144742;6.193587860988712
1616859241.3088458;6.186979931473294
1616859241.4032304;6.1759667156142655
1616859241.4976122;6.2794909446891545
1616859241.592052;6.277288301517348
1616859241.6864126;6.151737640724397
1616859241.7807324;6.0614292706803425
1616859241.875169;5.911649534997524
1616859241.969523;5.724424865394
1616859242.0638428;5.462310327949067
1616859242.1582618;5.008565834556996
1616859242.2536788;4.057023984336731
1616859242.3480155;1.8213411649534712
1616859242.442446;2.1935878609887136
1616859242.5367732;4.186979931473295
1616859242.6311693;4.605482134116467
1616859242.7256699;4.63852178169356
1616859242.8199725;4.816935878609858
1616859242.9143727;5.204601076847744
1616859243.0087552;5.51737640724422
1616859243.10319;5.726627508565806
1616859243.1975634;5.808125305922633
1616859243.2919855;5.830151737640697
1616859243.386394;5.7090063631913575
1616859243.4807518;5.907244248653913
1616859243.5751696;6.057023984336731
1616859243.6695318;6.001957905041577
1616859243.763968;5.852178169358758
1616859243.8583848;5.656142927068009
1616859243.9527273;5.671561429270652
1616859244.0470927;5.51737640724422
1616859244.141486;5.259667156142898
1616859244.2358813;5.13852178169356
1616859244.3302727;5.103279490944661
1616859244.4246562;5.343367596671533
1616859244.5190759;6.103279490944661
1616859244.6134968;6.572442486539375
1616859244.7078516;6.671561429270652
1616859244.8022776;6.383015173764044
1616859244.8966384;6.162750856583427
1616859244.9910288;6.0349975526186705
1616859245.0854273;6.039402838962282
1616859245.1798155;6.112090063631887
1616859245.2742445;6.037200195790477
1616859245.3685756;6.070239843367569
1616859245.4630108;6.032794909446863
1616859245.5563352;5.693587860988712
1616859245.650703;5.510768477728802
1616859245.7450845;5.433675966715586
1616859245.8394592;5.63852178169356
1616859245.9338312;5.6319138521781404
1616859246.02821;5.378609887420431
1616859246.122601;4.931473323543781
1616859246.216944;4.96010768477726
1616859246.3113177;4.869799314733207
1616859246.4057078;4.433675966715586
1616859246.5000706;4.471120900636291
1616859246.594493;4.843367596671533
1616859246.6888568;5.147332354380784
1616859246.783307;5.175966715614265
1616859246.8776064;4.82794909446889
1616859246.9720366;4.662750856583426
1616859247.066427;4.5614292706803425
1616859247.1607413;4.510768477728802
1616859247.2551699;4.704601076847744
1616859247.3495355;4.841164953499726
1616859247.443864;4.720019579050388
1616859247.5383034;4.550416054821314
1616859247.632799;4.786098874204573
1616859247.727059;5.189182574645101
1616859247.8225381;5.816935878609859
1616859247.9168794;6.352178169358758
1616859248.0112464;5.766275085658318
1616859248.1056569;3.6759667156142632
1616859248.2000368;0.4138521781693303
1616859248.2944903;0.0
1616859248.3889413;0.0
1616859248.4832153;0.2178169358785814
1616859248.5776956;0.7046010768477444
1616859248.6719735;1.0460107684777002
1616859248.766489;0.0
1616859248.8607702;0.0
1616859248.9555938;0.0
1616859249.0496926;0.0
1616859249.1440785;0.6054821341164669
1616859249.2384722;1.499755261869771
1616859249.3328927;1.5349975526186694
1616859249.4272773;0.23323543808122454
1616859249.521677;0.0
1616859249.616056;0.0
1616859249.7104766;0.0
1616859249.8048465;0.0
1616859249.8992734;0.0
1616859249.9937286;0.0
1616859250.0880888;0.6825746451296827
1616859250.1825175;0.7552618697992862
1616859250.2767668;1.664953499755233
1616859250.371265;2.8918257464512687
1616859250.4657092;4.248653940283869
1616859250.5600743;5.072442486539376
1616859250.6544154;5.4579050416054535
1616859250.748872;5.499755261869772
1616859250.8431602;5.411649534997524
1616859250.9375148;5.583455702398405
1616859251.0318973;5.966715614292679
1616859251.1252599;5.539402838962282
1616859251.2196221;4.717816935878582
1616859251.3139975;3.1120900636318853
1616859251.4083614;2.0878609887420176
1616859251.502749;3.8037200195790217
1616859251.5971599;5.841164953499727
1616859251.6915278;7.832354380812503
1616859251.7859507;5.680372001957878
1616859251.8802662;3.334557023984308
1616859251.9746695;5.213411649534969
1616859252.0690725;8.004160548213383
1616859252.163389;8.686979931473296
1616859252.2578194;8.900636319138494
1616859252.352154;9.116495349975498
1616859252.4465694;8.847772883015145
1616859252.540969;7.308125305922633
1616859252.6352782;6.949094468918228
1616859252.729719;8.222222222222193
1616859252.824088;8.506363191385189
1616859252.9184062;8.753059226627482
1616859253.0128074;8.946891825746421
1616859253.1072516;9.090063631913823
1616859253.2015615;9.394028389623076
1616859253.2959301;9.455702398433647
1616859253.391466;9.462310327949066
1616859253.485795;9.14292706803717
1616859253.5801196;7.475526186979902
1616859253.6745224;5.090063631913823
1616859253.7689106;3.248653940283868
1616859253.8633742;2.9402838962310045
1616859253.9577847;2.6319138521781413
1616859254.0520525;3.8940283896230743
1616859254.1464472;4.623103279490916
1616859254.2408442;3.770680372001929
1616859254.3352356;3.9667156142926783
1616859254.4296231;2.9777288301517086
1616859254.5240376;1.854380812530564
1616859254.6184163;2.2508565834556737
1616859254.7128408;3.079050416054793
1616859254.8072152;2.3235438081252773
1616859254.9016142;1.673764072442458
1616859254.99604;4.2816935878609605
1616859255.0904279;7.697993147332326
1616859255.184834;6.482134116495321
1616859255.279232;6.587860988742018
1616859255.3736706;8.728830151737613
1616859255.4681587;8.957905041605454
1616859255.5624807;9.449094468918231
1616859255.656824;9.880812530592236
1616859255.7512052;9.922662750856556
1616859255.8456047;10.068037200195763
1616859255.940015;9.860988742045985
1616859256.034417;9.592266275085631
1616859256.1287725;9.475526186979902
1616859256.2232163;10.14953499755259
1616859256.3175519;9.290504160548183
1616859256.4119554;6.076847772882987
1616859256.5063558;3.9424865394028106
1616859256.6007442;4.715614292706776
1616859256.6951573;4.215614292706775
1616859256.7884414;2.724424865394
1616859256.8828273;1.8433675966715333
1616859256.9771929;3.75305922662748
1616859257.0715547;3.9182574645129424
1616859257.1659415;1.1297112090063346
1616859257.2603009;2.1253059226627222
1616859257.3546846;3.63852178169356
1616859257.4490533;2.748653940283868
1616859257.543429;1.4821341164953217
1616859257.6378088;0.6054821341164669
1616859257.7321837;0.8059226627508281
1616859257.826557;2.1120900636318853
1616859257.920928;3.3786098874204313
1616859258.015312;2.334557023984308
1616859258.1096914;0.7398433675966429
1616859258.2040565;0.8521781693587576
1616859258.2984385;0.2883015173763788
1616859258.3928645;0.0
1616859258.48721;0.5878609887420175
1616859258.581619;1.5768477728829866
1616859258.675951;1.6098874204600793
1616859258.770401;1.3411649534997268
1616859258.8647714;2.8081253059226343
1616859258.9603546;3.2508565834556737
1616859259.0546806;2.5063631913851894
1616859259.1490364;2.623103279490916
1616859259.243301;2.6407244248653656
1616859259.3377693;3.2838962310327666
1616859259.4321554;3.3742046010768187
1616859259.5266356;1.9424865394028104
1616859259.620933;1.5482134116495063
1616859259.715321;1.5261869799314451
1616859259.8096948;2.129711209006335
1616859259.9040945;3.182574645129683
1616859259.9983518;3.5305922662750566
1616859260.0929205;3.248653940283868
1616859260.187292;2.7288301517376117
1616859260.2816567;2.9777288301517086
1616859260.3761258;3.1561429270680086
1616859260.470333;2.9160548213411364
1616859260.5648177;3.1098874204600797
1616859260.659226;2.4865394028389343
1616859260.7536256;2.4468918257464227
1616859260.8479495;3.1142927068036914
1616859260.9422176;3.3081253059226343
1616859261.0367148;2.541605482134088
1616859261.131133;2.237640724424837
1616859261.2254312;2.2046010768477444
1616859261.3199046;2.242046010768449
1616859261.4143107;2.2596671561428985
1616859261.5086606;2.2596671561428985
1616859261.6030793;2.332354380812502
1616859261.69742;2.0724424865393742
1616859261.7918437;2.5570239843367317
1616859261.8862581;3.116495349975497
1616859261.9806228;3.184777288301489
1616859262.0750167;3.6010768477728545
1616859262.1692724;3.3279490944688903
1616859262.263824;3.5592266275085374
1616859262.35707;4.193587860988713
1616859262.4513688;4.070239843367569
1616859262.5457428;3.5812530592265985
1616859262.6401742;3.5878609887420176
1616859262.7345593;3.5151737640724137
1616859262.8289347;3.211209006363163
1616859262.9233224;2.8521781693587576
1616859263.017651;3.4446891825746166
1616859263.1120036;3.0151737640724137
1616859263.2063498;2.794909446891797
1616859263.3007536;4.6737640724424585
1616859263.3951614;4.973323543808097
1616859263.4895394;5.23543808125303
1616859263.5838811;4.944689182574616
1616859263.678256;4.239843367596643
1616859263.7729268;3.420460107684749
1616859263.8669806;3.4512971120900358
1616859263.9613266;3.8367596671561146
1616859264.0556805;3.6781693587860698
1616859264.1500428;3.422662750856555
1616859264.2444148;3.409446891825718
1616859264.3388064;3.4557023984336475
1616859264.4331653;3.607684777288273
1616859264.5275788;2.585658345570212
1616859264.6230078;1.6429270680371717
1616859264.7172925;2.319138521781665
1616859264.8116744;3.6781693587860698
1616859264.9060686;3.136319138521753
1616859265.000451;2.8984336759666878
1616859265.0948582;3.457905041605453
1616859265.1893368;3.3896231032794626
1616859265.2836552;3.0063631913851894
1616859265.3780673;2.7178169358785813
1616859265.472442;2.675966715614264
1616859265.5667965;2.9997552618697707
1616859265.6611862;3.116495349975497
1616859265.7555554;3.1671561429270394
1616859265.8499436;2.722222222222194
1616859265.944359;2.4182574645129424
1616859266.0387154;2.171561429270652
1616859266.1331336;2.015173764072414
1616859266.2274926;2.5548213411649248
1616859266.3218813;2.819138521781665
1616859266.4163144;3.955702398433648
1616859266.5106714;4.316935878609859
1616859266.6050675;3.949094468918229
1616859266.6994548;3.462310327949066
1616859266.7938852;2.8786098874204313
1616859266.8882608;2.7530592266274803
1616859266.9826832;3.4667156142926783
1616859267.0770493;4.182574645129683
1616859267.1714425;2.9975526186979646
1616859267.2658231;2.6539402838962025
1616859267.3602164;3.1120900636318853
1616859267.4546356;4.647332354380784
1616859267.5489922;5.579050416054792
1616859267.643418;5.244248653940256
1616859267.7377596;5.0988742046010485
1616859267.8321607;3.8521781693587576
1616859267.9265466;3.9336759667155863
1616859268.0199018;4.792706803719992
1616859268.1142585;4.259667156142899
1616859268.208636;3.739843367596643
1616859268.3030245;4.164953499755233
1616859268.3973758;4.081253059226599
1616859268.491791;2.5482134116495065
1616859268.586142;2.405041605482105
1616859268.6804972;2.5724424865393742
1616859268.774864;2.032794909446863
1616859268.869228;3.383015173764044
1616859268.9635994;4.1319138521781404
1616859269.0579581;3.6759667156142632
1616859269.1523418;5.772883015173735
1616859269.2466793;5.724424865394
1616859269.34106;7.127508565834527
1616859269.4354324;6.933675966715586
1616859269.52982;7.279490944689154
1616859269.624174;8.319138521781666
1616859269.718542;6.356583455702371
1616859269.812921;5.367596671561402
1616859269.9072733;4.975526186979904
1616859270.0016634;4.759667156142898
1616859270.096075;4.689182574645101
1616859270.1915214;4.629711209006334
1616859270.2858243;4.753059226627481
1616859270.3802006;4.409446891825717
1616859270.4746153;3.761869799314705
1616859270.568957;3.5085658345569954
1616859270.6633694;3.664953499755233
1616859270.7577715;3.1913852178169075
1616859270.8520982;3.0614292706803434
1616859270.9464526;3.405041605482105
1616859271.0408304;3.407244248653912
1616859271.1352086;3.8675966715614014
1616859271.2295735;3.4138521781693303
1616859271.323983;2.43147332354378
1616859271.4183292;1.911649534997524
1616859271.5128126;1.6847772883014889
1616859271.6071255;2.570239843367568
1616859271.701488;3.222222222222194
1616859271.7959113;3.3103279490944404
1616859271.8902981;3.490944689182546
1616859271.9846704;3.8565834557023706
1616859272.079081;4.085658345570211
1616859272.173484;3.9138521781693294
1616859272.2678232;3.9028389623103
1616859272.3622146;4.891825746451269
1616859272.4565902;4.629711209006334
1616859272.5509686;4.061429270680343
1616859272.6453426;4.1671561429270385
1616859272.739753;3.940283896231005
1616859272.834152;3.471120900636291
1616859272.9284966;3.3521781693587576
1616859273.022904;3.1671561429270394
1616859273.1172626;3.354380812530564
1616859273.21165;4.700195790504132
1616859273.3060546;5.3147332354380525
1616859273.4004366;4.706803720019551
1616859273.4948552;4.184777288301489
1616859273.5881689;4.3103279490944395
1616859273.6825616;3.2816935878609597
1616859273.776991;3.4975526186979646
1616859273.8713264;3.7905041605481853
1616859273.9656775;2.9424865394028106
1616859274.0600574;2.9424865394028106
1616859274.154406;2.9424865394028106
1616859274.2487144;4.0636319138521495
1616859274.3431766;4.294909446891797
1616859274.4374466;3.526186979931445
1616859274.531801;3.3169358786098586
1616859274.6261759;3.3279490944688903
1616859274.720535;2.3874204601076556
1616859274.8149116;2.369799314733207
1616859274.909278;4.112090063631887
1616859275.0036402;4.869799314733207
1616859275.098017;4.407244248653912
1616859275.1924055;4.019579050416026
1616859275.2867405;3.4645129711208718
1616859275.3811033;3.070239843367568
1616859275.4754846;2.869799314733207
1616859275.5698476;2.4028389623102995
1616859275.6642144;1.9975526186979649
1616859275.7586176;1.7222222222221937
1616859275.854153;2.0592266275085374
1616859276.2740355;0.7288301517376122
1616859276.3685565;0.052618697993118836
1616859276.4629154;5.449094468918228
1616859276.5572145;5.642927068037173
1616859276.6515858;2.396231032794881
1616859276.7459884;3.319138521781665
1616859276.8404448;1.6693587860988457
1616859276.934863;0.0
1616859277.0292313;1.581253059226599
1616859277.1236215;3.1759667156142632
1616859277.217972;11.451297112090035
1616859277.6378381;3.916054821341136
1616859277.732267;6.153940283896202
1616859277.8266554;2.422662750856555
1616859277.9210575;2.3389623103279207
1616859278.0154517;1.0107684777288015
1616859278.109841;1.8808125305922376
1616859278.2042565;4.856583455702371
1616859278.298633;4.962310327949067
1616859278.393085;3.4645129711208718
1616859278.4874446;4.733235438081223
1616859278.581876;6.71341164953497
1616859278.6762547;8.383015173764043
1616859278.7706285;8.380812530592237
1616859278.8650591;4.012971120900608
1616859278.9593108;3.69579050416052
1616859279.0538626;6.325746451297084
1616859279.1481948;3.7023984336759375
1616859279.241467;0.9226627508565548
1616859279.3358538;0.0
1616859279.4301784;0.0
1616859279.524529;0.0
1616859279.6188915;0.0
1616859279.7132845;0.0
1616859279.8076508;0.0
1616859279.9020267;0.0
1616859279.996397;0.0
1616859280.0907824;0.0
1616859280.1852188;0.0
1616859280.279593;0.0
1616859280.3739257;0.0
1616859280.4683447;0.0
1616859280.5626907;0.0
1616859280.6570835;0.0
1616859280.7514627;0.0
1616859280.8457913;0.0
1616859280.9401455;0.0
1616859281.0345135;0.0
1616859281.1289413;0.0
1616859281.2233512;0.0
1616859281.317643;0.0
1616859281.4133337;0.0
1616859281.5075936;0.0
1616859281.6019704;0.0
1616859281.6963768;0.0
1616859281.7907734;0.0
1616859281.885203;0.050416054821312666
1616859281.979508;4.319138521781665
1616859282.073833;1.0724424865393742
1616859282.168186;0.0
1616859282.2626078;0.7046010768477444
1616859282.356943;1.878609887420432
1616859282.4513385;3.1803720019578767
1616859282.5457242;1.5217816935878326
1616859282.6401026;0.0
1616859282.734484;0.2046010768477444
1616859282.8288765;0.5504160548213127
1616859282.9232874;1.7376407244248369
1616859283.017664;1.8081253059226343
1616859283.1120536;3.5217816935878323
1616859283.206445;4.186979931473295
1616859283.3008215;3.0151737640724137
1616859283.3952274;0.6407244248653655
1616859283.4896126;0.5438081253058942
1616859283.5840325;1.2971120900636035
1616859283.6783912;1.8587860988741762
1616859283.7728148;2.7288301517376117
1616859283.867174;0.0
1616859283.9615624;0.0
1616859284.0559492;0.0
1616859284.1503446;0.0
1616859284.244717;3.6605482134116207
1616859284.3391087;6.4579050416054535
1616859284.43351;6.768477728830121
1616859284.5278711;1.6297112090063346
1616859284.622308;0.0
1616859284.7166586;0.0
1616859284.8099833;0.18697993147329506
1616859284.9043527;0.0
1616859284.9987211;0.0
1616859285.0931711;0.0
1616859285.1874926;0.0
1616859285.2819235;0.0
1616859285.3762894;0.0
1616859285.4706063;0.0
1616859285.565067;0.0
1616859285.65937;0.0
1616859285.7537153;0.0
1616859285.8481288;0.0
1616859285.9426026;0.0
1616859286.0367992;0.0
1616859286.1311922;0.0
1616859286.2255745;5.557023984336731
1616859286.3198726;10.592266275085631
1616859286.4142895;3.4446891825746166
1616859286.50869;0.0
1616859286.603035;0.0
1616859286.6974154;0.0
1616859286.7917938;0.7486539402838678
1616859286.8861067;3.422662750856555
1616859286.9805686;0.0
1616859287.075986;0.0
1616859287.1703925;0.0
1616859287.264669;0.8675966715614007
1616859287.3591444;1.1539402838962023
1616859287.453443;1.9821341164953212
1616859287.5478866;8.360988742045983
1616859287.6423154;7.352178169358758
1616859287.7366633;6.642927068037173
1616859287.8309429;6.744248653940256
1616859287.9254162;7.319138521781665
1616859288.0197392;2.8521781693587576
1616859288.114225;3.700195790504132
1616859288.20859;4.744248653940256
1616859288.3030446;1.6032794909446606
1616859288.3973882;0.0
1616859288.4917712;0.0
1616859288.586194;0.0
1616859288.6805732;5.090063631913823
1616859288.7749994;8.136319138521753
1616859288.8693314;6.094468918257437
1616859288.9637628;4.114292706803692
1616859289.0581212;5.812530592266247
1616859289.4780176;4.792706803719992
1616859289.5724516;4.4953499755261594
1616859289.666814;4.724424865394
1616859289.7612152;5.587860988742016
1616859289.8555868;5.376407244248625
1616859289.9500039;5.5305922662750575
1616859290.0444155;5.09226627508563
1616859290.1386745;4.468918257464485
1616859290.2332304;3.717816935878581
1616859290.3274832;3.916054821341136
1616859290.4208648;5.156142927068009
1616859290.5151794;7.239843367596643
1616859290.609596;9.66054821341162
1616859290.7039998;15.070239843367569
1616859290.7983634;19.059226627508536
1616859290.8926454;19.62530592266272
1616859290.9870415;21.979931473323518
1616859291.0814073;40.942486539402815
1616859291.1757247;72.83015173764069
1616859291.270135;133.03059226627505
1616859291.364517;258.81913852178167
1616859291.4588835;428.8786098874205
1616859291.553268;828.8059226627507
1616859291.647569;4460.0812530592275
1616859291.7419848;8797.043808125307
1616859291.8363688;9371.845570239844
1616859291.930684;9536.173764072442
1616859292.0251098;9567.737640724425
1616859292.1194186;9556.541605482134
1616859292.2137802;9478.151737640725
1616859292.3081262;9404.680372001958
1616859292.4025142;9366.506363191384
1616859292.4968698;9320.424865394029
1616859292.591272;9315.876407244248
1616859292.6867032;9392.517376407244
1616859292.7810054;9480.880812530591
1616859292.8753734;9521.47552618698
1616859292.9697704;9546.127508565834
1616859293.0641608;9581.034997552619
1616859293.15854;9606.722222222224
1616859293.2530565;9618.136319138524
1616859293.3473039;9620.308125305924
1616859293.4416811;9625.620900636319
1616859293.5360825;9631.482134116497
1616859293.6304693;9636.164953499756
1616859293.7248476;9638.620900636319
1616859293.8192265;9640.546010768478
1616859293.9136407;9649.083455702399
1616859294.0079825;9660.711209006364
1616859294.102396;9664.305922662752
1616859294.1967306;9663.823543808125
1616859294.2911212;9662.142927068038
1616859294.385494;9659.305922662752
1616859294.4798892;9656.164953499756
1616859294.5742939;9652.429270680372
1616859294.6686544;9649.521781693587
1616859294.7630546;9645.519579050417
1616859294.8574116;9640.468918257464
1616859294.9517806;9636.702398433676
1616859295.0461824;9634.65834557024
1616859295.1405582;9633.347772883017
1616859295.2349534;9634.209006363191
1616859295.3293555;9637.825746451297
1616859295.423758;9640.601076847774
1616859295.518117;9641.583455702399
1616859295.6125345;9642.898433675968
1616859295.706916;9643.715614292707
1616859295.8012342;9643.711209006364
1616859295.8956125;9646.07244248654
1616859295.9889538;9647.898433675968
1616859296.083328;9652.750856583456
1616859296.1776865;9667.281693587862
1616859296.2720466;9671.495349975528
1616859296.3664155;9671.334557023984
1616859296.4608016;9671.508565834558
1616859296.5552175;9672.891825746452
1616859296.6495912;9674.924865394029
1616859296.7438912;9677.435878609887
1616859296.8383086;9678.88962310328
1616859296.9326904;9680.365394028391
1616859297.0270624;9680.253059226628
1616859297.1213536;9682.603279490944
1616859297.215783;9688.297112090064
1616859297.310112;9690.253059226628
1616859297.4044304;9689.5129711209
1616859297.498851;9688.182574645129
1616859297.5932114;9687.235438081254
1616859297.687514;9686.757464512972
1616859297.7819064;9683.191385217817
1616859297.8762908;9677.35217816936
1616859297.9707384;9675.433675966717
1616859298.0649474;9674.028389623105
1616859298.1593714;9673.228830151738
1616859298.2538085;9672.299314733236
1616859298.3491757;9669.521781693587
1616859298.4435627;9658.539402838962
1616859298.5378966;9642.596671561429
1616859298.6321704;9639.215614292707
1616859298.7266958;9638.19799314733
1616859298.8210232;9638.277288301517
1616859298.9154124;9636.896231032795
1616859299.009685;9633.444689182576
1616859299.1042047;9630.977728830152
1616859299.198469;9629.136319138524
1616859299.292949;9627.605482134117
1616859299.3873134;9624.973323543809
1616859299.481669;9621.823543808125
1616859299.5760586;9619.753059226628
1616859299.6704721;9618.58565834557
1616859299.764833;9617.46451297112
1616859299.859208;9615.07244248654
1616859299.953622;9612.713411649534
1616859300.0481794;9953.724424865395
1616859300.4677775;9596.79270680372
1616859300.562152;9590.759667156142
1616859300.656626;9583.153940283897
1616859300.7509484;9576.74424865394
1616859300.845361;9573.944689182576
1616859300.9397304;9577.816935878609
1616859301.0340898;9572.200195790505
1616859301.1284685;9665.019579050417
1616859301.5482087;9531.468918257464
1616859301.6415124;9531.484336759668
1616859301.7358875;9534.944689182576
1616859301.8302672;9553.101076847774
1616859301.9246385;9561.418257464511
1616859302.01905;9559.790504160548
1616859302.1134381;9554.82794909447
1616859302.207707;9550.508565834558
1616859302.3021517;9539.129711209007
1616859302.3964813;9508.664953499756
1616859302.4907846;9470.728830151738
1616859302.5851815;9453.570239843368
1616859302.6794882;9444.74424865394
1616859302.7738378;9444.096671561429
1616859302.8681858;9446.22001957905
1616859302.962566;9449.054821341166
1616859303.0569155;9455.195790504158
1616859303.1512773;9450.515173764074
1616859303.2456348;9440.689182574646
1616859303.3400054;9437.387420460107
1616859303.434362;9443.876407244248
1616859303.5287206;9446.986539402838
1616859303.6231742;9443.407244248654
1616859303.7174716;9443.396231032795
1616859303.8119366;9441.001957905042
1616859303.907349;9432.383015173764
1616859304.001654;9429.532794909446
1616859304.0960665;9436.5988742046
1616859304.190427;9442.918257464511
1616859304.284791;9449.015173764074
1616859304.3792741;9452.312530592266
1616859304.4736626;9450.907244248654
1616859304.567938;9440.616495349976
1616859304.6623526;9430.916054821342
1616859304.7566974;9425.471120900636
1616859304.8510668;9419.526186979932
1616859304.9454556;9419.909446891827
1616859305.0398376;9423.951297112093
1616859305.1341615;9424.711209006364
1616859305.2285998;9423.321341164954
1616859305.3229275;9423.900636319138
1616859305.4173975;9423.71781693588
1616859305.511662;9424.931473323544
1616859305.6061337;9426.973323543809
1616859305.7004342;9423.671561429272
1616859305.7949133;9419.557023984336
1616859305.8891838;9416.94909446892
1616859305.9836776;9411.142927068038
1616859306.0779352;9408.279490944691
1616859306.1724324;9407.145129711209
1616859306.266669;9407.149534997552
1616859306.361134;9410.477728830152
1616859306.4555357;9411.986539402838
1616859306.549905;9411.805922662752
1616859306.644323;9411.239843367597
1616859306.7386632;9411.995349975528
1616859306.833065;9414.04821341165
1616859306.9274476;9420.103279490944
1616859307.0218432;9430.38962310328
1616859307.1162288;9437.810327949095
1616859307.2095597;9440.36319138522
1616859307.303907;9449.64733235438
1616859307.398276;9473.156142927068
1616859307.4926505;9480.574645129713
1616859307.586931;9481.746451297111
1616859307.6813474;9482.603279490944
1616859307.7756908;9483.777288301517
1616859307.8700569;9482.797112090064
1616859307.9644375;9482.96451297112
1616859308.0587847;9481.91385217817
1616859308.1531632;9480.123103279493
1616859308.2474644;9479.790504160548
1616859308.3418837;9481.151737640725
1616859308.43625;9487.19799314733
1616859308.5306046;9496.539402838962
1616859308.6249356;9501.477728830152
1616859308.71927;9502.629711209007
1616859308.8137126;9502.63411649535
1616859308.9080474;9505.054821341166
1616859309.0023887;9515.021781693587
1616859309.0967734;9538.118697993148
1616859309.1912358;9541.153940283897
1616859309.2854393;9467.019579050417
1616859309.3799047;9530.13411649535
1616859309.4741955;9513.367596671562
1616859309.5696144;9182.235438081254
1616859309.6638806;8940.517376407244
1616859309.758325;9237.876407244248
1616859309.8526196;9312.374204601078
1616859309.947062;9285.431473323544
1616859310.0414572;8917.416054821342
1616859310.135816;8672.508565834558
1616859310.230109;8460.51076847773
1616859310.3245704;8324.301517376407
1616859310.4188654;8282.294909446891
1616859310.5133493;8249.618697993148
1616859310.6076033;8178.482134116495
1616859310.7021108;8036.356583455703
1616859310.7965016;7534.894028389624
1616859310.8908374;7357.8697993147325
1616859310.9852502;9213.24424865394
1616859311.0795634;9518.200195790505
1616859311.1739652;9507.570239843368
1616859311.2684884;9492.979931473325
1616859311.3627198;9481.579050416056
1616859311.4570215;9440.153940283897
1616859311.551393;9431.968918257464
1616859311.6458035;9415.834557023984
1616859311.740162;9473.125305922664
1616859311.8345325;9953.724424865395
1616859312.2542267;9430.746451297111
1616859312.348625;9473.21781693588
1616859312.4430075;9400.874204601078
1616859312.5373425;9394.354380812529
1616859312.6317372;9404.746451297111
1616859312.7261035;9350.973323543809
1616859312.8204794;9332.286098874205
1616859312.9137585;9403.583455702399
1616859313.0080664;9439.867596671562
1616859313.1025178;9425.7552618698
1616859313.1968205;9420.482134116497
1616859313.2911296;9432.662750856585
1616859313.3855438;9420.385217816936
