1616855096.6733217;0.1921194322075308
1616855096.7685444;0.29784630445422683
1616855096.8638818;0.3418991678903502
1616855096.9591565;0.247185511502685
1616855097.0544548;0.260401370533522
1616855097.1497262;0.4035731767009229
1616855097.245054;0.3683308859520242
1616855097.3403075;0.3485070974057687
1616855097.4355505;0.37273617229563655
1616855097.5307965;0.3485070974057687
1616855097.626118;0.2405775819872665
1616855097.7213538;0.20533529123836783
1616855097.816703;0.2670093000489405
1616855097.9118693;0.25159079784629734
1616855098.0071828;0.22956436612823566
1616855098.1024804;0.3154674498286762
1616855098.1977541;0.37273617229563655
1616855098.2930026;0.4101811062163414
1616855098.3882325;0.4586392559960771
1616855098.4835844;0.5093000489476189
1616855098.5788732;-0.07880567792462778
1616855098.6741319;-0.5237395986294736
1616855098.7693572;-1.2880567792462136
1616855098.8647227;-1.2836514929026013
1616855098.9600143;2.1767009300048876
1616855099.055273;3.590797846304447
1616855099.1505086;3.903573176700923
1616855099.2458744;4.7097405775819805
1616855099.3411286;5.330885952031319
1616855099.436407;5.438815467449822
1616855099.5316093;5.542339696524712
1616855099.6269634;5.643661282427795
1616855099.7222607;5.518110621634843
1616855099.8174942;5.381546744982861
1616855099.9127007;5.361722956436606
1616855100.0080338;5.551150269211936
1616855100.1033125;5.689916789035725
1616855100.1986067;5.828683308859513
1616855100.2938225;5.877141458639249
1616855100.3891597;5.8507097405775745
1616855100.4844384;5.912383749388147
1616855100.5797129;5.91678903573176
1616855100.6749473;5.9564366128242705
1616855100.7703168;6.128242780225152
1616855100.8656106;6.3595203132648
1616855100.9608796;6.394762604013698
1616855101.056118;6.2780225159079714
1616855101.151418;6.322075379344095
1616855101.2466202;6.361722956436606
1616855101.3419003;6.436612824278015
1616855101.4372332;6.522515907978456
1616855101.5325036;6.425599608418985
1616855101.6277547;6.410181106216341
1616855101.7230048;6.504894762604007
1616855101.81833;6.586392559960835
1616855101.9136002;6.588595203132641
1616855102.0088217;6.498286833088588
1616855102.104088;6.52031326480665
1616855102.1994154;6.507097405775813
1616855102.294692;6.610621634850703
1616855102.389943;6.639255996084183
1616855102.4852045;6.630445423396958
1616855102.5805726;6.696524718551143
1616855102.6758401;6.65247185511502
1616855102.771077;6.648066568771408
1616855102.8664255;6.588595203132641
1616855102.9616344;6.553352912383742
1616855103.056911;6.573176700929998
1616855103.1521184;6.524718551150262
1616855103.2474396;6.480665687714139
1616855103.3427036;6.465247185511496
1616855103.438052;6.584189916789029
1616855103.5332165;6.522515907978456
1616855103.6285543;6.447626040137046
1616855103.7238162;6.452031326480658
1616855103.8190918;6.4938815467449755
1616855103.9143376;6.46304454233969
1616855104.0096884;6.515907978463037
1616855104.1049361;6.500489476260395
1616855104.2002268;6.562163485070967
1616855104.295484;6.593000489476253
1616855104.390988;60.425599608418985
1616855104.8146265;6.52031326480665
1616855104.909952;4174.469652471856
1616855105.333507;15.639255996084183
1616855105.428762;14.441018110621627
1616855105.5240881;14.150269211943213
1616855105.6193469;14.317670093000482
1616855105.71463;12.460841899167884
1616855105.8098652;12.088595203132641
1616855105.905112;13.46304454233969
1616855106.0007143;14.833088595203126
1616855106.09576;13.969652471855108
1616855106.1911554;12.289035731767003
1616855106.286236;13.97405775819872
1616855106.3814955;15.890357317670086
1616855106.4767432;15.99167890357317
1616855106.5720167;15.110621634850702
1616855106.6672916;13.808859520313257
1616855106.762563;14.068771414586385
1616855106.8578353;15.053352912383742
1616855106.953114;15.883749388154667
1616855107.04841;15.500489476260395
1616855107.1436827;13.211943220753787
1616855107.239013;11.57097405775819
1616855107.334291;11.722956436612817
1616855107.4295654;12.711943220753787
1616855107.524802;12.009300048947619
1616855107.620157;12.366128242780219
1616855107.7153776;14.436612824278015
1616855107.8106523;14.130445423396958
1616855107.9059167;14.174498286833082
1616855108.0011728;14.110621634850702
1616855108.0964491;13.88815467449828
1616855108.191731;13.868330885952025
1616855108.286995;13.394762604013698
1616855108.3823218;14.28463044542339
1616855108.477587;13.324278022515902
1616855108.5728226;11.553352912383742
1616855108.6680923;15.401370533529116
1616855108.7633595;14.736172295643653
1616855108.8586361;11.31326480665687
1616855108.9540374;14.410181106216342
1616855109.0492628;14.648066568771407
1616855109.1444826;13.051150269211936
1616855109.239767;12.042339696524712
1616855109.3350658;14.956436612824271
1616855109.4303777;16.500489476260395
1616855109.5256145;15.648066568771407
1616855109.6209033;15.308859520313257
1616855109.7161703;12.31326480665687
1616855109.8114493;12.203132648066562
1616855109.9067247;10.687714145863918
1616855110.0020037;13.040137053352906
1616855110.0972672;14.507097405775813
1616855110.192544;14.815467449828676
1616855110.28783;9.912383749388148
1616855110.3831077;11.639255996084183
1616855110.478393;14.652471855115019
1616855110.573667;13.480665687714138
1616855110.6689415;13.073176700929999
1616855110.764277;12.733969652471847
1616855110.8595846;11.727361722956429
1616855110.9548597;13.597405775819865
1616855111.050129;13.55996084189916
1616855111.1454308;12.174498286833082
1616855111.2407355;10.70974057758198
1616855111.3359694;14.139255996084183
1616855111.431252;14.996084189916782
1616855111.526489;14.128242780225152
1616855111.6217508;16.44542339696524
1616855111.7170656;16.154674498286827
1616855111.8123353;11.19211943220753
1616855111.9075856;12.610621634850702
1616855112.002849;13.733969652471847
1616855112.0981255;13.090797846304447
1616855112.1934018;11.806656877141451
1616855112.2886875;12.328683308859514
1616855112.383969;14.643661282427795
1616855112.4792378;17.557758198727356
1616855112.574532;16.559960841899162
1616855112.6698442;14.542339696524712
1616855112.765101;12.247185511502686
1616855112.8603754;11.273617229564358
1616855112.9556336;12.110621634850702
1616855113.0509381;11.993881546744976
1616855113.1461911;10.064366128242773
1616855113.2414513;12.531326480665681
1616855113.3367243;13.108418991678896
1616855113.432;13.139255996084183
1616855113.5272784;11.866128242780219
1616855113.6225505;11.965247185511496
1616855113.7178295;11.066568771414579
1616855113.813122;10.141458639255989
1616855113.9084024;12.947626040137047
1616855114.0037358;12.901370533529116
1616855114.098946;13.903573176700922
1616855114.1942136;14.5379344101811
1616855114.2894764;13.674498286833082
1616855114.3847544;13.333088595203126
1616855114.480054;13.088595203132641
1616855114.5753624;14.918991678903566
1616855114.6705894;12.976260401370526
1616855114.7658255;14.222956436612817
1616855114.8611026;15.289035731767003
1616855114.956379;13.678903573176694
1616855115.0516353;12.348507097405768
1616855115.1469164;13.337493881546738
1616855115.2422123;15.69872736172295
1616855115.337468;14.10621634850709
1616855115.4327443;13.359520313264799
1616855115.5280318;14.057758198727354
1616855115.6233065;12.372736172295637
1616855115.7185802;14.02031326480665
1616855115.813857;12.174498286833082
1616855115.9091408;12.436612824278015
1616855116.0044434;12.262604013705328
1616855116.0997124;13.815467449828676
1616855116.194977;15.454233969652465
1616855116.290276;13.062163485070966
1616855116.3855343;12.72075379344101
1616855116.4808137;15.923396965247179
1616855116.576066;15.883749388154667
1616855116.6713276;11.696524718551142
1616855116.7665982;10.771414586392552
1616855116.8618696;11.92780225159079
1616855116.9571373;11.174498286833082
1616855117.0524147;13.800048947626033
1616855117.1477046;15.073176700929999
1616855117.2429779;14.57097405775819
1616855117.338265;12.407978463044536
1616855117.4336052;12.943220753793433
1616855117.528816;13.280225159079777
1616855117.6240847;12.676700930004888
1616855117.7193592;12.214145863925593
1616855117.814652;11.588595203132641
1616855117.9099367;12.656877141458633
1616855118.0051718;9.793441018110615
1616855118.1004639;9.079784630445417
1616855118.19572;10.69211943220753
1616855118.2910354;12.993881546744976
1616855118.386262;12.004894762604007
1616855118.4815283;11.960841899167884
1616855118.5767982;14.597405775819865
1616855118.6720853;15.099608418991671
1616855118.7673528;15.507097405775813
1616855118.8626297;13.322075379344094
1616855118.9579108;10.355115026921187
1616855119.053179;10.09520313264806
1616855119.1484616;12.762604013705328
1616855119.243731;14.326480665687708
1616855119.3390343;13.026921194322068
1616855119.4343047;12.34189916789035
1616855119.5295756;11.758198727361716
1616855119.624893;12.17009300048947
1616855119.721257;13.892559960841892
1616855119.8164768;14.0026921194322
1616855119.9117827;15.584189916789029
1616855120.0070484;14.401370533529116
1616855120.1023295;12.414586392559954
1616855120.1977565;12.39916789035731
1616855120.2930584;13.544542339696518
1616855120.3882542;15.000489476260395
1616855120.4835434;14.335291238374932
1616855120.5788312;14.079784630445417
1616855120.6741543;16.070974057758193
1616855120.76944;15.242780225159073
1616855120.864703;15.348507097405768
1616855120.9600585;12.5379344101811
1616855121.055324;11.837493881546738
1616855121.1506546;14.903573176700922
1616855121.2459116;15.44542339696524
1616855121.3412223;14.436612824278015
1616855121.436497;12.207537934410174
1616855121.5318184;12.207537934410174
1616855121.6270661;11.355115026921187
1616855121.7223408;12.23837493881546
1616855121.8176265;12.59520313264806
1616855121.912905;12.94542339696524
1616855122.0082088;16.912383749388148
1616855122.1035044;14.09520313264806
1616855122.198809;11.731767009300041
1616855122.2941077;13.555555555555548
1616855122.3893924;14.81326480665687
1616855122.484702;12.156877141458633
1616855122.5800173;14.152471855115019
1616855122.6752644;14.044542339696518
1616855122.7706342;11.167890357317663
1616855122.8658764;11.23837493881546
1616855122.9612179;12.311062163485063
1616855123.0553722;12.489476260401364
1616855123.15068;12.454233969652465
1616855123.2459228;14.868330885952025
1616855123.341182;15.590797846304447
1616855123.4364467;13.901370533529116
1616855123.5317328;12.068771414586385
1616855123.6269875;15.918991678903566
1616855123.7222762;16.443220753793433
1616855123.8175387;16.93881546744982
1616855123.9129367;12.200930004894756
1616855124.0081468;12.804454233969645
1616855124.1033626;14.007097405775813
1616855124.1986935;14.839696524718544
1616855124.293969;16.37053352912383
1616855124.3892534;16.150269211943215
1616855124.4845471;16.000489476260395
1616855124.5797482;14.824278022515902
1616855124.6749988;12.0026921194322
1616855124.7703764;12.185511502692112
1616855124.8656306;13.443220753793433
1616855124.9608881;13.932207537934403
1616855125.0561295;12.667890357317663
1616855125.151384;10.588595203132641
1616855125.246669;11.203132648066562
1616855125.3418777;11.112824278022508
1616855125.4372022;11.518110621634843
1616855125.532446;11.315467449828676
1616855125.6277099;14.128242780225152
1616855125.722978;16.471855115026916
1616855125.8182566;13.515907978463037
1616855125.913464;13.30225159079784
1616855126.0087857;13.27802251590797
1616855126.1040685;12.31326480665687
1616855126.199347;11.844101811062156
1616855126.2945597;13.815467449828676
1616855126.3899195;15.630445423396958
1616855126.4852257;13.62383749388154
1616855126.5804656;12.214145863925593
1616855126.6756613;12.222956436612817
1616855126.7709012;12.73837493881546
1616855126.866171;13.661282427802245
1616855126.9614422;12.795643661282421
1616855127.0567052;12.064366128242773
1616855127.1519854;12.890357317670086
1616855127.2472646;14.77802251590797
1616855127.3425481;12.515907978463037
1616855127.4378178;13.167890357317663
1616855127.53309;10.029123837493874
1616855127.6283617;11.018110621634843
1616855127.7236552;13.011502692119425
1616855127.8189273;13.31326480665687
1616855127.9141896;15.531326480665681
1616855128.009463;16.35291238374938
1616855128.104728;13.167890357317663
1616855128.200008;13.13485070974057
1616855128.2952578;14.359520313264799
1616855128.3905532;15.736172295643653
1616855128.4857883;15.947626040137047
1616855128.5810614;14.800048947626033
1616855128.676331;13.725159079784623
1616855128.7716196;11.214145863925593
1616855128.8668778;13.59520313264806
1616855128.962144;14.74498286833088
1616855129.0574157;12.855115026921187
1616855129.1527588;11.639255996084183
1616855129.2480366;11.828683308859514
1616855129.3432822;14.324278022515902
1616855129.4385567;15.654674498286825
1616855129.5338805;15.418991678903566
1616855129.6291451;16.19211943220753
1616855129.7244177;15.0379344101811
1616855129.819634;14.372736172295637
1616855129.9149053;13.172295643661275
1616855130.0102358;11.10621634850709
1616855130.1054752;11.553352912383742
1616855130.2007637;10.260401370533522
1616855130.296002;9.914586392559954
1616855130.3912253;12.683308859520306
1616855130.486547;16.73396965247185
1616855130.5818133;16.70974057758198
1616855130.677093;16.018110621634843
1616855130.7723312;15.496084189916782
1616855130.8687112;13.804454233969645
1616855130.963899;10.5379344101811
1616855131.0591753;12.306656877141451
1616855131.1544976;14.648066568771407
1616855131.2497509;16.54233969652471
1616855131.3450422;14.271414586392552
1616855131.4404874;13.322075379344094
1616855131.5356367;13.874938815467443
1616855131.6309447;13.390357317670086
1616855131.7262182;11.656877141458633
1616855131.8216045;14.72075379344101
1616855131.9167905;14.568771414586385
1616855132.0120764;15.458639255996077
1616855132.1073723;16.896965247185506
1616855132.202661;15.921194322075372
1616855132.2980368;13.60621634850709
1616855132.3932767;14.09520313264806
1616855132.4885557;14.925599608418985
1616855132.583862;15.225159079784623
1616855132.6791441;14.956436612824271
1616855132.7747526;12.874938815467443
1616855132.8700902;12.02031326480665
1616855132.9651258;13.819872736172288
1616855133.0604057;14.795643661282421
1616855133.1556926;15.1811062163485
1616855133.2509856;13.97405775819872
1616855133.346239;13.659079784630439
1616855133.4415562;15.34189916789035
1616855133.5368133;13.443220753793433
1616855133.6321094;14.762604013705328
1616855133.7274046;15.088595203132641
1616855133.8226984;16.075379344101805
1616855133.918008;17.711943220753785
1616855134.0132928;17.533529123837486
1616855134.1085715;15.438815467449821
1616855134.2028048;17.982868330885946
1616855134.2980871;17.251590797846298
1616855134.393359;15.396965247185504
1616855134.488656;15.322075379344094
1616855134.5839093;15.478463044542332
1616855134.6791856;13.650269211943213
1616855134.774525;12.773617229564358
1616855134.8697696;14.110621634850702
1616855134.9650295;16.104013705335284
1616855135.06028;15.729564366128235
1616855135.1555743;12.965247185511496
1616855135.2508388;12.5026921194322
1616855135.3461008;14.099608418991671
1616855135.4413095;14.311062163485063
1616855135.5366352;12.258198727361716
1616855135.6319165;15.143661282427795
1616855135.727181;12.714145863925593
1616855135.8224082;13.317670093000482
1616855135.9176672;17.14145863925599
1616855136.012943;16.465247185511494
1616855136.1081977;15.47405775819872
1616855136.2035065;14.22075379344101
1616855136.2987611;13.185511502692112
1616855136.3941245;12.883749388154667
1616855136.4893763;11.339696524718544
1616855136.5846126;12.262604013705328
1616855136.6798224;13.808859520313257
1616855136.775112;14.683308859520306
1616855136.870462;13.509300048947619
1616855136.9656403;13.753793441018104
1616855137.060925;13.511502692119425
1616855137.156171;12.073176700929999
1616855137.2514148;13.13485070974057
1616855137.3467152;15.066568771414579
1616855137.4419482;14.982868330885944
1616855137.5371866;12.07758198727361
1616855137.632514;12.013705335291231
1616855137.7277968;13.456436612824271
1616855137.823078;13.588595203132641
1616855137.9182885;18.465247185511494
1616855138.0135982;18.80004894762603
1616855138.1088843;16.09520313264806
1616855138.2041318;16.806656877141453
1616855138.2993238;15.863925599608413
1616855138.394663;18.610621634850702
1616855138.4899495;20.44542339696524
1616855138.5851884;20.07758198727361
1616855138.680417;20.3947626040137
1616855138.7756648;19.38154674498286
1616855138.8710098;17.982868330885946
1616855138.9662838;16.046744982868322
1616855139.0615063;16.94982868330885
1616855139.1568835;19.390357317670087
1616855139.2520883;18.740577581987267
1616855139.3473613;20.65247185511502
1616855139.4426496;22.053352912383744
1616855139.5378907;20.782427802251583
1616855139.6332016;17.896965247185506
1616855139.728485;17.879344101811053
1616855139.8237274;17.090797846304447
1616855139.9189396;18.601811062163478
1616855140.0142865;19.903573176700924
1616855140.109539;19.8947626040137
1616855140.2048023;19.079784630445417
1616855140.300012;19.09960841899167
1616855140.3953366;18.515907978463037
1616855140.4906104;17.355115026921187
1616855140.585881;16.64806656877141
1616855140.681088;18.211943220753785
1616855140.7764266;20.557758198727356
1616855140.8716798;19.586392559960835
1616855140.9669688;17.879344101811053
1616855141.0621965;18.068771414586386
1616855141.157457;18.597405775819865
1616855141.2528355;16.14145863925599
1616855141.3480709;15.630445423396958
1616855141.4432602;15.467449828683302
1616855141.5385368;18.26700930004894
1616855141.6338782;17.511502692119425
1616855141.7291257;16.16348507097405
1616855141.8243961;18.046744982868322
1616855141.9196029;17.441018110621627
1616855142.0149686;18.225159079784625
1616855142.1114154;21.597405775819865
1616855142.2066069;19.59520313264806
1616855142.3018787;19.88154674498286
1616855142.397124;20.78463044542339
1616855142.492441;17.26700930004894
1616855142.58761;15.57758198727361
1616855142.6831164;18032.302251590798
1616855143.1067085;19.839696524718544
1616855143.2020562;17.694322075379336
1616855143.297337;15.385952031326473
1616855143.3926876;17.269211943220746
1616855143.487921;18.597405775819865
1616855143.5831149;18.806656877141453
1616855143.6784852;4174.469652471856
1616855144.1022093;20.56216348507097
1616855144.197547;19.49167890357317
1616855144.292829;15.47405775819872
1616855144.388118;17.533529123837486
1616855144.4834313;16.42339696524718
1616855144.5787253;16.97405775819872
1616855144.674022;18.45643661282427
1616855144.769326;17.46084189916788
1616855144.8645089;18.068771414586386
1616855144.959952;17.60621634850709
1616855145.0552783;17.941018110621627
1616855145.1505299;17.8242780225159
1616855145.245807;16.689916789035724
1616855145.341085;16.93881546744982
1616855145.4352388;19.21414586392559
1616855145.5305235;19.185511502692112
1616855145.6257956;17.797846304454225
1616855145.7210221;17.844101811062156
1616855145.8163612;19.630445423396957
1616855145.9115977;18.630445423396957
1616855146.0068738;17.736172295643655
1616855146.1021152;19.667890357317663
1616855146.1974425;21.476260401370528
1616855146.29274;19.040137053352904
1616855146.3880074;14.423396965247179
1616855146.483209;14.863925599608413
1616855146.5785384;14.663485070974051
1616855146.6738007;15.722956436612817
1616855146.7690778;16.921194322075372
1616855146.8642867;16.165687714145857
1616855146.9595573;17.150269211943215
1616855147.0548756;18.797846304454225
1616855147.1501794;16.72736172295643
1616855147.2454333;18.392559960841893
1616855147.3406744;20.200930004894754
1616855147.435991;18.758198727361716
1616855147.5312684;18.817670093000483
1616855147.6266115;15.80225159079784
1616855147.721806;17.694322075379336
1616855147.8170037;18.650269211943215
1616855147.9123511;19.36392559960841
1616855148.007605;18.253793441018104
1616855148.1028497;16.407978463044536
1616855148.1981204;16.996084189916782
1616855148.2934282;18.866128242780217
1616855148.388668;17.672295643661275
1616855148.4839125;18.407978463044536
1616855148.5791378;18.463044542339688
1616855148.6744394;16.75599608418991
1616855148.7697322;16.52031326480665
1616855148.8649938;16.833088595203126
1616855148.9602382;17.12824278022515
1616855149.055564;18.000489476260395
1616855149.1508267;17.49828683308859
1616855149.2461004;18.753793441018104
1616855149.341366;19.33088595203132
1616855149.4365742;19.231767009300043
1616855149.5319204;19.412383749388148
1616855149.6272087;18.83088595203132
1616855149.7224684;17.326480665687708
1616855149.8176706;17.61722956436612
1616855149.91293;19.17449828683308
1616855150.008261;19.337493881546738
1616855150.1035;17.67009300048947
1616855150.1987035;18.22736172295643
1616855150.2939758;17.94542339696524
1616855150.389234;17.914586392559954
1616855150.4844878;15.846304454233962
1616855150.5797653;15.894762604013698
1616855150.6750302;17.932207537934403
1616855150.770322;20.72295643661282
1616855150.86557;20.522515907978455
1616855150.9608483;20.436612824278015
1616855151.0561101;21.20313264806656
1616855151.1513953;20.45643661282427
1616855151.246671;20.70313264806656
1616855151.341954;19.70313264806656
1616855151.437218;17.156877141458633
1616855151.5324876;16.993881546744976
1616855151.6277552;17.639255996084184
1616855151.7230089;19.093000489476253
1616855151.8182766;16.311062163485065
1616855151.9135408;15.39916789035731
1616855152.0087957;18.04233969652471
1616855152.1040616;18.108418991678896
1616855152.1993313;17.465247185511494
1616855152.2946274;17.932207537934403
1616855152.3898952;17.12383749388154
1616855152.4851456;16.976260401370528
1616855152.580436;16.8595203132648
1616855152.675703;13.727361722956429
1616855152.7709987;16.601811062163478
1616855152.8662426;16.828683308859514
1616855152.9615445;17.619432207537926
1616855153.0567884;19.28463044542339
1616855153.1520529;18.12383749388154
1616855153.247377;18.61722956436612
1616855153.343642;18.764806656877134
1616855153.4388714;18.822075379344096
1616855153.5341678;17.62383749388154
1616855153.6294417;16.291238374938807
1616855153.7247396;16.385952031326475
1616855153.820225;14.815467449828676
1616855153.9153097;17.73837493881546
1616855154.0106173;19.015907978463037
1616855154.1058598;19.696524718551142
1616855154.2011855;19.982868330885946
1616855154.29644;20.63705335291238
1616855154.3917677;20.286833088595195
1616855154.48704;19.815467449828677
1616855154.582318;18.264806656877134
1616855154.6776512;16.683308859520306
1616855154.772942;17.932207537934403
1616855154.8682086;17.993881546744976
1616855154.963481;17.850709740577575
1616855155.0587757;18.918991678903566
1616855155.1541154;21.13705335291238
1616855155.249354;20.947626040137045
1616855155.3446403;19.551150269211934
1616855155.4399424;21.053352912383744
1616855155.5351923;21.271414586392552
1616855155.6305358;18.70974057758198
1616855155.7257845;17.837493881546738
1616855155.8211284;20.39916789035731
1616855155.9164484;20.77361722956436
1616855156.0117;20.78463044542339
1616855156.1069567;20.328683308859514
1616855156.2022543;21.337493881546738
1616855156.2975578;19.716348507097397
1616855156.3928668;20.918991678903566
1616855156.4881408;16.66348507097405
1616855156.5834658;14.022515907978455
1616855156.677671;15.258198727361716
1616855156.7729568;17.943220753793433
1616855156.8682086;19.22736172295643
1616855156.9634874;19.597405775819865
1616855157.0587273;19.139255996084184
1616855157.1539984;19.339696524718544
1616855157.2492664;18.69872736172295
1616855157.3445208;18.22295643661282
1616855157.4398177;18.454233969652464
1616855157.535064;18.77361722956436
1616855157.6303556;19.634850709740572
1616855157.7256014;20.857317670092993
1616855157.8208919;20.696524718551142
1616855157.916231;21.015907978463037
1616855158.0114818;17.890357317670087
1616855158.1067047;19.194322075379336
1616855158.2020214;22.207537934410173
1616855158.297285;18.914586392559954
1616855158.3925436;17.537934410181098
1616855158.4877985;18.930004894762597
1616855158.5830324;18.61722956436612
1616855158.67837;18.150269211943215
1616855158.7735972;19.44542339696524
1616855158.8689518;17.344101811062156
1616855158.9652462;17.540137053352904
1616855159.0605435;18.385952031326475
1616855159.1557927;20.231767009300043
1616855159.2510848;20.465247185511494
1616855159.3463624;16.537934410181098
1616855159.4418032;15.69872736172295
1616855159.5368636;20.01370533529123
1616855159.6322138;22.20313264806656
1616855159.72758;20.833088595203126
1616855159.8228135;18.71414586392559
1616855159.9181135;19.90577581987273
1616855160.0134003;19.758198727361716
1616855160.1085687;20.764806656877134
1616855160.2039886;19.37493881546744
1616855160.2992375;17.458639255996076
1616855160.3945456;19.97405775819872
1616855160.489846;20.619432207537926
1616855160.5850983;20.98066568771414
1616855160.6803873;18.293441018110613
1616855160.775603;18.161282427802245
1616855160.8709414;17.753793441018104
1616855160.9662578;19.121634850709732
1616855161.06154;19.678903573176694
1616855161.156825;19.30885952031326
1616855161.2520826;21.022515907978455
1616855161.347409;19.23396965247185
1616855161.442595;20.044542339696516
1616855161.5378776;18.844101811062156
1616855161.6332932;18.247185511502686
1616855161.7285419;16.769211943220746
1616855161.823879;17.45643661282427
1616855161.919165;18.425599608418985
1616855162.014427;19.925599608418985
1616855162.1095872;20.185511502692112
1616855162.2038603;18.485070974057752
1616855162.2991176;15.434410181106209
1616855162.3943484;17.725159079784625
1616855162.4896908;20.377141458639247
1616855162.5849135;20.99828683308859
1616855162.6802197;21.262604013705328
1616855162.7754478;18.958639255996076
1616855162.8707218;16.30885952031326
1616855162.9660604;15.780225159079777
1616855163.0613496;19.176700930004888
1616855163.1566162;18.621634850709732
1616855163.2517889;18.839696524718544
1616855163.347017;18.275819872736164
1616855163.4422874;21.535731767009292
1616855163.5375187;21.69211943220753
1616855163.632778;19.20313264806656
1616855163.728042;18.236172295643655
1616855163.8232942;19.377141458639247
1616855163.9185612;17.500489476260395
1616855164.013818;17.87493881546744
1616855164.109101;18.79564366128242
1616855164.2043426;18.66348507097405
1616855164.2996042;17.67449828683308
1616855164.394871;19.877141458639247
1616855164.4902155;18.42780225159079
1616855164.5854008;19.178903573176694
1616855164.6806488;19.269211943220746
1616855164.7759113;16.66348507097405
1616855164.8711607;17.8947626040137
1616855164.9664001;16.09960841899167
1616855165.0617182;17.5026921194322
1616855165.1569371;18.011502692119425
1616855165.252186;17.515907978463037
1616855165.347439;20.02031326480665
1616855165.4426773;18.70313264806656
1616855165.537941;18.84850709740577
1616855165.6332018;19.112824278022508
1616855165.7284546;17.3595203132648
1616855165.8237162;17.09520313264806
1616855165.9189835;20.335291238374932
1616855166.0142462;21.720753793441013
1616855166.1095014;17.275819872736164
1616855166.204781;14.63485070974057
1616855166.3000429;17.804454233969647
1616855166.3953195;20.110621634850702
1616855166.4905736;20.511502692119425
1616855166.5858235;19.02031326480665
1616855166.6810732;17.8242780225159
1616855166.7763786;18.987273617229558
1616855166.8715916;17.87493881546744
1616855166.9668446;20.936612824278015
1616855167.0621095;19.59960841899167
1616855167.1573503;17.590797846304447
1616855167.2526202;16.108418991678896
1616855167.3478715;15.407978463044536
1616855167.4431384;17.806656877141453
1616855167.5383961;17.815467449828677
1616855167.6336617;17.264806656877134
1616855167.7289217;18.458639255996076
1616855167.824183;17.925599608418985
1616855167.9194381;17.00930004894762
1616855168.0147069;18.672295643661275
1616855168.1100206;16.989476260401364
1616855168.2052388;18.126040137053344
1616855168.300526;17.8947626040137
1616855168.3957503;19.56216348507097
1616855168.491001;19.654674498286827
1616855168.58626;19.258198727361716
1616855168.6815069;20.740577581987267
1616855168.7767718;17.718551150269207
1616855168.8720264;17.25599608418991
1616855168.967349;17.42339696524718
1616855169.0625982;16.407978463044536
1616855169.1578724;16.656877141458633
1616855169.253084;17.564366128242774
1616855169.3483486;18.570974057758193
1616855169.4436579;18.326480665687708
1616855169.5389123;16.0026921194322
1616855169.6341796;18.500489476260395
1616855169.7293503;19.88815467449828
1616855169.8246162;20.958639255996076
1616855169.9199417;17.01370533529123
1616855170.015129;16.63705335291238
1616855170.1104352;19.55555555555555
1616855170.2055886;20.081987273617223
1616855170.300809;18.38815467449828
1616855170.3959966;18.081987273617223
1616855170.4912622;17.43881546744982
1616855170.5865037;18.194322075379336
1616855170.6818123;18.73837493881546
1616855170.7769241;16.52031326480665
1616855170.8722024;16.66348507097405
1616855170.9674373;17.83088595203132
1616855171.062685;18.379344101811053
1616855171.1579344;18.97405775819872
1616855171.2531116;20.56216348507097
1616855171.3484094;19.143661282427797
1616855171.4436727;20.12824278022515
1616855171.5388916;18.93881546744982
1616855171.634143;20.297846304454225
1616855171.729325;18.6811062163485
1616855171.8245628;15.260401370533522
1616855171.9198697;15.423396965247179
1616855172.0150778;13.518110621634843
1616855172.1103313;15.090797846304447
1616855172.2055552;16.903573176700924
1616855172.3007505;17.844101811062156
1616855172.3959785;18.612824278022508
1616855172.4912615;16.49167890357317
1616855172.586508;16.903573176700924
1616855172.6817386;19.346304454233962
1616855172.7769616;17.485070974057752
1616855172.8721652;16.535731767009292
1616855172.9674673;17.689916789035724
1616855173.0627015;17.108418991678896
1616855173.1579525;18.925599608418985
1616855173.2531774;19.086392559960835
1616855173.3484356;17.650269211943215
1616855173.4436622;17.44542339696524
1616855173.5388458;16.775819872736164
1616855173.6341069;18.033529123837486
1616855173.7293315;20.231767009300043
1616855173.824548;20.150269211943215
1616855173.9197652;27.839696524718544
1616855174.0150018;39.74057758198727
1616855174.1102557;35.89035731767009
1616855174.2054832;45.403573176700924
1616855174.3007379;62.637053352912375
1616855174.3959618;79.22295643661282
1616855174.491282;101.74498286833088
1616855174.5865536;141.1436612824278
1616855174.6817565;192.75599608418992
1616855174.7770908;250.9960841899168
1616855174.872341;308.92339696524715
1616855174.9675863;365.7670093000489
1616855175.0628471;433.9564366128243
1616855175.1580427;514.7317670093
1616855175.2533166;610.9211943220754
1616855175.3486028;703.4410181106217
1616855175.4438682;754.2626040137054
1616855175.5391152;651.6965247185512
1616855175.6345158;403.52031326480665
1616855175.7308521;338.16568771414586
1616855175.8260114;397.2846304454234
1616855175.9213192;385.97405775819874
1616855176.0165563;282.56656877141455
1616855176.1118612;219.65907978463045
1616855176.2070181;235.74278022515907
1616855176.3024175;219.9300048947626
1616855176.3975976;169.54674498286832
1616855176.4928813;137.16348507097405
1616855176.5881908;112.1436612824278
1616855176.6834185;84.54894762604013
1616855176.7786918;66.38154674498286
1616855176.8739688;50.68771414586392
1616855176.9692392;40.52251590797846
1616855177.06452;34.78463044542339
1616855177.15982;29.822075379344096
1616855177.2550485;25.63705335291238
1616855177.3503768;22.355115026921187
1616855177.445607;22.189916789035724
1616855177.5409162;22.132648066568763
1616855177.6361804;20.335291238374932
1616855177.7314925;18.943220753793433
1616855177.8267353;14.941018110621627
1616855177.9221392;12.725159079784623
1616855178.0173059;11.90577581987273
1616855178.1125686;11.509300048947619
1616855178.2078683;11.447626040137047
1616855178.3031442;10.227361722956429
1616855178.398421;7.526921194322068
1616855178.4936988;6.654674498286826
1616855178.5889869;9.546744982868324
1616855178.6842606;9.304454233969645
1616855178.7795255;6.482868330885945
1616855178.8747985;6.921194322075372
1616855178.9700923;5.106216348507091
1616855179.0642579;2.5819872736172225
1616855179.1595914;5.47405775819872
1616855179.254798;7.883749388154667
1616855179.35007;6.4233969652471785
1616855179.445319;4.000489476260395
1616855179.5406408;3.500489476260394
1616855179.6358871;4.216348507097399
1616855179.731091;4.786833088595196
1616855179.8263586;2.773617229564359
1616855179.921671;2.9740577581987204
1616855180.0169177;1.2846304454233899
1616855180.1121256;-0.09862946647088329
1616855180.2073407;2.348507097405769
1616855180.3026102;2.3066568771414517
1616855180.3978417;1.8463044542339626
1616855180.4930973;2.1744982868330816
1616855180.5883486;-0.9752814488497379
1616855180.6835794;-0.6008321096426894
1616855180.7788541;0.5313264806656806
1616855180.8741076;3.7956436612824205
1616855180.9693506;2.154674498286826
1616855181.0646036;0.9035731767009229
1616855181.1598756;-1.8387175721977556
1616855181.255181;-2.990699951052381
1616855181.3504474;-1.0876162506118525
1616855181.4456038;-1.8563387175722048
1616855181.5408888;-3.84752814488498
1616855181.6360998;-2.030347528144892
1616855181.7313676;0.7537934410181035
1616855181.826572;0.628242780225152
1616855181.9219012;1.3991678903573106
1616855182.0170891;-2.2616250611845397
1616855182.1123796;-2.0788056779246276
1616855182.2076268;-0.25061184532550884
1616855182.3028696;-4.034752814488504
1616855182.3980944;-4.12946647087617
1616855182.493308;-2.962065589818901
1616855182.5886374;-0.12285854136075113
1616855182.683904;0.4498286833088524
1616855182.7791064;-3.992902594224187
1616855182.8743455;-2.794664708761632
1616855182.9695938;-4.107440039158108
1616855183.064847;-4.354136074400398
1616855183.1601233;-0.6404796867352005
1616855183.2553806;-4.6514929025942315
1616855183.3506308;-5.228585413607447
1616855183.4458878;-2.041360744003923
1616855183.5411124;-4.688937836514937
1616855183.6363735;-5.334312285854144
1616855183.7316275;-6.323299069995112
1616855183.826877;-6.094224180127271
1616855183.9221158;-5.5413607440039225
1616855184.0173542;-9.321096426823306
1616855184.1126175;-8.990699951052381
1616855184.2078748;-7.398188937836522
1616855184.3031194;-8.283651492902601
1616855184.3983822;-7.607440039158108
1616855184.493644;-7.598629466470883
1616855184.588898;-7.5391581008321165
1616855184.6841328;-7.116250611845333
1616855184.7794018;-7.175721977484099
1616855184.8747272;-7.279246206558989
1616855184.9700098;-9.089818893783658
1616855185.0651639;-11.063387175721985
1616855185.1604934;-14.37616250611846
1616855185.255736;-13.64708761625062
1616855185.3509963;-10.30788056779247
1616855185.446166;-11.241801272638284
1616855185.5414374;-13.810083210964276
1616855185.636666;-11.924620655898195
1616855185.7319105;-7.887175721977491
1616855185.8272278;-9.37616250611846
1616855185.9224942;-9.486294664708769
1616855186.0177288;-10.210964268232997
1616855186.1129332;-10.891581008321104
1616855186.208253;-12.937836514929034
1616855186.3035023;-12.717572197748416
1616855186.3987722;-9.589818893783658
1616855186.4939487;-9.838717572197755
1616855186.5892985;-12.614047968673527
1616855186.6845286;-14.530347528144892
1616855186.7797241;-12.455457660303482
1616855186.8749819;-11.8541360744004
1616855186.9702253;-11.288056779246213
1616855187.0654156;-11.010523739598636
1616855187.1606655;-11.486294664708769
1616855187.255893;-11.816691140479694
1616855187.3511198;-11.803475281448858
1616855187.446473;-12.034752814488504
1616855187.5416837;-11.506118453255024
1616855187.6368947;-12.219774840920223
1616855187.7321222;-15.078805677924628
1616855187.8273783;-16.29025942241802
1616855187.9226975;-13.065589818893791
1616855188.0179174;-15.239598629466478
1616855188.1131382;-15.107440039158108
1616855188.208374;-15.173519334312292
1616855188.3036706;-14.162506118453262
1616855188.3988936;-14.202153695545773
1616855188.494135;-12.823299069995112
1616855188.5893867;-12.653695545766038
1616855188.6846693;-14.728585413607448
1616855188.7799132;-12.880567792462072
1616855188.8751338;-15.142682329907007
1616855188.9703922;-13.312285854136082
1616855189.0656402;-11.340920215369561
1616855189.160885;-11.748409202153702
1616855189.2561202;-11.660303475281456
1616855189.3513937;-14.680127263827712
1616855189.446637;-14.596426823299078
1616855189.541885;-14.57219774840921
1616855189.6371405;-13.517131669114056
1616855189.7324698;-13.09422418012727
1616855189.8276958;-14.4620655898189
1616855189.9229782;-14.411404796867359
1616855190.0181994;-15.80788056779247
1616855190.1134212;-14.752814488497314
1616855190.2086618;-14.32990699951053
1616855190.3039615;-16.87616250611846
1616855190.3992155;-17.693343122858547
1616855190.4944446;-16.96867351933432
1616855190.5896537;-15.73299069995106
1616855190.6848874;-16.103034752814494
1616855190.7802022;-14.768232990699959
1616855190.875451;-14.272638277043571
1616855190.9707136;-16.710964268233
1616855191.065894;-15.644884973078813
1616855191.1611493;-14.933431228585421
1616855191.2564616;-14.395986294664716
1616855191.3517;-15.04796867351934
1616855191.446961;-15.10083210964269
1616855191.542181;-14.931228585413615
1616855191.6374247;-12.902594224180135
1616855191.7326787;-15.239598629466478
1616855191.8278885;-16.655898188937844
1616855191.9231436;-16.563387175721985
1616855192.0184047;-16.391581008321104
1616855192.113649;-15.805677924620664
1616855192.2088916;-17.717572197748417
1616855192.30412;-17.45105237395987
1616855192.3993607;-16.435633871757226
1616855192.4946783;-15.596426823299078
1616855192.5909343;-16.92682329907
1616855192.686147;-17.131669114047977
1616855192.781425;-18.52594224180128
1616855192.876676;-18.378365149290268
1616855192.9719331;-18.24400391581009
1616855193.0673783;-20.41140479686736
1616855193.1625564;-18.219774840920223
1616855193.2578342;-14.953255017131676
1616855193.3530989;-17.45766030347529
1616855193.4483736;-18.76603034752815
1616855193.5436401;-17.50832109642683
1616855193.6389182;-17.133871757219783
1616855193.7341805;-19.973078805677932
1616855193.82946;-20.42241801272639
1616855193.9247272;-18.887175721977492
1616855194.0200202;-17.096426823299076
1616855194.1152534;-18.384973078805686
1616855194.2107522;-17.237395986294672
1616855194.3058224;-16.96867351933432
1616855194.4011018;-18.759422418012733
1616855194.4963431;-17.4973078805678
1616855194.591683;-16.935633871757226
1616855194.6869094;-19.898188937836522
1616855194.7822099;-21.19114047968674
1616855194.8774757;-18.94444444444445
1616855194.9728072;-21.39378365149291
1616855195.0680633;-20.395986294664716
1616855195.1633294;-20.19774840920216
1616855195.2586138;-18.1404796867352
1616855195.3538668;-16.86294664708762
1616855195.4492195;-17.682329906999517
1616855195.5444145;-17.248409202153702
1616855195.6396945;-19.27263827704357
1616855195.7349496;-19.274840920215375
1616855195.829147;-20.127263827704365
1616855195.9244115;-17.98629466470877
1616855196.0196574;-17.79025942241802
1616855196.1149194;-19.259422418012733
1616855196.2102182;-19.644884973078813
1616855196.3054419;-17.006118453255024
1616855196.4007034;-18.737395986294672
1616855196.4959278;-20.217572197748417
1616855196.5911891;-18.799069995105246
1616855196.686461;-19.42682329907
1616855196.7817032;-18.959862946647096
1616855196.8769403;-18.323299069995112
1616855196.9721847;-18.02594224180128
1616855197.0674388;-19.213166911404805
1616855197.162681;-19.79025942241802
1616855197.2579181;-18.724180127263836
1616855197.353171;-17.788056779246215
1616855197.4483962;-18.85854136074401
1616855197.5436504;-17.799069995105246
1616855197.6389015;-18.865149290259428
1616855197.7341528;-20.706558981889387
1616855197.8294094;-21.349730788056785
1616855197.9246545;-22.164708761625068
1616855198.0199168;-20.418012726382777
1616855198.1163206;-17.80127263827705
1616855198.2115252;-18.823299069995112
1616855198.3067608;-18.462065589818902
1616855198.4020505;-20.096426823299076
1616855198.49727;-19.43343122858542
1616855198.5925124;-18.83651492902595
1616855198.6878703;-18.854136074400397
1616855198.7830906;-16.878365149290268
1616855198.8783464;-15.803475281448858
1616855198.9735558;-16.5325501713167
1616855199.0688124;-18.43783651492903
1616855199.164073;-19.918012726382777
1616855199.2593734;-17.581008321096434
1616855199.3546212;-16.35193343122859
1616855199.4499526;-17.268232990699957
1616855199.5451732;-19.435633871757226
1616855199.6404715;-19.72197748409203
1616855199.735717;-18.11184532550172
1616855199.8310215;-17.08321096426824
1616855199.9262598;-17.91581008321097
1616855200.021589;-19.682329906999517
1616855200.116833;-16.673519334312292
1616855200.2120855;-18.948849730788066
1616855200.307364;-19.127263827704365
1616855200.4026222;-17.970876162506126
1616855200.4979239;-19.398188937836522
1616855200.593158;-16.05457660303476
1616855200.6884325;-17.503915810083218
1616855200.783689;-17.506118453255024
1616855200.8789577;-18.323299069995112
1616855200.9742339;-22.940039158100838
1616855201.0694983;-20.142682329907007
1616855201.1647792;-18.50832109642683
1616855201.2600696;-18.45766030347529
1616855201.3553367;-18.499510523739605
1616855201.4502184;-19.435633871757226
1616855201.544814;-20.162506118453262
1616855201.6400738;-20.063387175721985
1616855201.7353072;-19.55457660303476
1616855201.8305736;-19.177924620655904
1616855201.9258728;-21.724180127263836
1616855202.0211096;-22.57219774840921
1616855202.1163962;-20.510523739598636
1616855202.2115982;-18.614047968673525
1616855202.3067875;-17.4973078805678
1616855202.4020393;-16.373959862946656
1616855202.4973288;-19.440039158100838
1616855202.5926006;-19.845325501713173
1616855202.6878293;-21.14708761625062
1616855202.7830245;-21.27704356338718
1616855202.8782809;-17.93783651492903
1616855202.9735847;-15.710964268232997
1616855203.0688286;-18.41581008321097
1616855203.1640825;-19.737395986294672
1616855203.2593067;-20.435633871757226
1616855203.3545427;-20.812285854136082
1616855203.4498773;-22.259422418012733
1616855203.5450726;-20.959862946647096
1616855203.640348;-18.655898188937844
1616855203.7356184;7.952031326480658
1616855203.8318703;12.015907978463037
1616855203.9271903;-39.252814488497314
1616855204.0224302;-59.041360744003924
1616855204.1176546;-70.0677924620656
1616855204.2129211;-92.2814488497308
1616855204.3083148;-64.33431228585414
1616855204.4033933;-24.208761625061193
1616855204.4987695;-18.65810083210965
1616855204.5939956;-18.257219774840927
1616855204.6893156;-19.492902594224187
1616855204.784559;-20.017131669114054
1616855204.8798585;-18.03034752814489
1616855204.9750912;-17.259422418012733
1616855205.0704207;-18.607440039158107
1616855205.1656542;-18.041360744003924
1616855205.2609174;-18.41140479686736
1616855205.356199;-19.739598629466478
1616855205.4516804;-19.6052373959863
1616855205.5467167;-16.752814488497314
1616855205.6418853;-17.056779246206567
1616855205.7372487;-20.41581008321097
1616855205.8324766;-18.409202153695553
1616855205.9277623;-16.29686735193344
1616855206.0230308;-18.799069995105246
1616855206.1183035;-18.666911404796874
1616855206.2134504;-17.58321096426824
1616855206.3088136;-20.64708761625062
1616855206.4041069;-20.854136074400397
1616855206.4993703;-19.946647087616256
1616855206.5946362;-16.99069995105238
1616855206.6901102;-15.47968673519335
1616855206.785221;-19.521536955457666
1616855206.8803947;-19.794664708761633
1616855206.975714;-19.607440039158107
1616855207.0698926;-19.52594224180128
1616855207.1651056;-18.563387175721985
1616855207.2603767;-20.402594224180135
1616855207.3555918;-19.37175721977485
1616855207.4508436;-19.92241801272639
1616855207.5460014;-17.263827704356345
1616855207.6413093;-17.4973078805678
1616855207.7365978;-17.887175721977492
1616855207.831757;-16.098629466470882
1616855207.9270527;-16.66911404796868
1616855208.0222943;-20.25061184532551
1616855208.1176484;-21.484092021536963
1616855208.2128017;-19.316691140479694
1616855208.307972;-17.85193343122859
1616855208.4032378;-16.631669114047977
1616855208.4984822;-17.367351933431237
1616855208.5937138;-18.51933431228586
1616855208.68896;-20.418012726382777
1616855208.784206;-20.63607440039159
1616855208.8794358;-20.547968673519343
1616855208.9746866;-20.5325501713167
1616855209.069937;-21.80127263827705
1616855209.165155;-21.182329906999517
1616855209.2604098;-17.446647087616256
1616855209.355701;-17.82550171316692
1616855209.4508836;-18.02594224180128
1616855209.5461195;-19.53915810083212
1616855209.6413448;-19.603034752814494
1616855209.7366667;-19.360744003915816
1616855209.8318415;-21.891581008321104
1616855209.927212;-21.23299069995106
1616855210.0224006;-20.552373959862955
1616855210.1176658;-19.940039158100838
1616855210.212887;-17.759422418012733
1616855210.3080647;-18.274840920215375
1616855210.4033542;-19.51933431228586
1616855210.4986036;-21.752814488497314
1616855210.593857;-20.107440039158107
1616855210.68907;-19.089818893783658
1616855210.7842698;-19.695545766030353
1616855210.879568;-20.257219774840927
1616855210.9748023;-22.045766030347536
1616855211.0700529;-23.122858541360753
1616855211.1652238;-21.66911404796868
1616855211.2605612;-18.728585413607448
1616855211.3557773;-16.345325501713173
1616855211.451019;-18.616250611845334
1616855211.5462658;-18.259422418012733
1616855211.6414485;-20.794664708761633
1616855211.736759;-22.321096426823306
1616855211.8320134;-18.759422418012733
1616855211.9272423;-19.567792462065597
1616855212.0224748;-19.96867351933432
1616855212.1176596;-19.78585413607441
1616855212.2129633;-18.99069995105238
1616855212.3081288;-19.13607440039159
1616855212.4033365;-18.356338717572203
1616855212.4985678;-20.95105237395987
1616855212.5938177;-22.354136074400397
1616855212.6890647;-18.814488497307888
1616855212.7843006;-19.98629466470877
1616855212.87954;-21.332109642682337
1616855212.9748013;-18.547968673519343
1616855213.0700507;-18.924620655898195
1616855213.1652699;-21.581008321096434
1616855213.2605336;-22.759422418012733
1616855213.3557673;-21.213166911404805
1616855213.451026;-19.746206558981896
1616855213.5462608;-20.387175721977492
1616855213.6414847;-20.149290259422425
1616855213.7367358;-19.453255017131678
1616855213.8319657;-18.662506118453262
1616855213.9271917;-20.695545766030353
1616855214.0224516;-20.541360744003924
1616855214.117673;-20.085413607440046
1616855214.2129252;-21.880567792462074
1616855214.3081377;-19.89378365149291
1616855214.4033842;-19.93783651492903
1616855214.4986262;-19.596426823299076
1616855214.5938797;-19.495105237395993
1616855214.689123;-20.660303475281456
1616855214.784371;-18.849730788056785
1616855214.8796313;-21.127263827704365
1616855214.9749105;-22.453255017131678
1616855215.0701172;-21.69114047968674
1616855215.1653545;-20.466470876162514
1616855215.2606676;-19.68673519334313
1616855215.3558815;-19.028144884973084
1616855215.4510891;-19.10083210964269
