1616855859.7563937;32.317425354870316
1616855859.8515828;33.711698482623625
1616855859.9466584;-5.283896231032767
1616855860.0416834;-24.880812530592237
1616855860.136791;-24.973323543808096
1616855860.2319882;-24.755261869799288
1616855860.3270597;-20.724424865394
1616855860.4222252;-22.466715614292678
1616855860.5172706;-12.34997552618695
1616855860.6123738;75.17205090553111
1616855860.7074175;64.13901125795402
1616855860.8025138;68.61918746940776
1616855860.8976784;115.93196279980424
1616855860.9927623;13.819627998042124
1616855861.0878823;52.32183064121393
1616855861.182975;31.762359275575164
1616855861.2780943;-25.446891825746423
1616855861.3731916;-27.78169358786096
1616855861.468267;-26.979931473323514
1616855861.5633607;-26.768477728830124
1616855861.6585314;-26.827949094468888
1616855861.753639;-26.77068037200193
1616855861.8487535;-26.905041605482104
1616855861.9438684;-26.900636319138492
1616855862.03899;-25.647332354380783
1616855862.134038;-25.12090063631911
1616855862.229135;-25.070239843367567
1616855862.324315;-25.52398433675964
1616855862.4193983;-28.0812530592266
1616855862.5144963;-28.019579050416027
1616855862.609615;-26.09887420460105
1616855862.7047045;-26.01737640724422
1616855862.799788;-24.51297112090061
1616855862.8948777;-23.094468918257437
1616855862.9900281;-22.975526186979902
1616855863.0850737;-23.158345570239813
1616855863.1801825;-23.211209006363163
1616855863.27527;-23.413852178169332
1616855863.3703885;-23.51737640724422
1616855863.465443;-23.521781693587833
1616855863.5605574;-23.64292706803717
1616855863.6556542;-23.830151737640694
1616855863.7508242;-23.944689182574617
1616855863.8458288;-23.966715614292678
1616855863.9409325;-24.02398433675964
1616855864.0360324;-24.308125305922633
1616855864.1311243;-24.590063631913825
1616855864.2262352;-24.772883015173736
1616855864.3213885;-25.118697993147304
1616855864.4165053;-25.724424865394
1616855864.5115464;-27.387420460107656
1616855864.606664;-28.365394028389595
1616855864.701829;-27.715614292706775
1616855864.7969375;-26.940283896231005
1616855864.8920577;-26.74865394028387
1616855864.9871554;-27.076847772882985
1616855865.0821948;-27.347772883015146
1616855865.1772902;-28.030592266275058
1616855865.2724946;-27.63852178169356
1616855865.3675704;-26.858786098874177
1616855865.4627478;-26.312530592266246
1616855865.5588706;-26.951297112090035
1616855865.654022;-27.979931473323514
1616855865.7491448;-28.330151737640694
1616855865.844195;-29.48213411649532
1616855865.9393504;-30.451297112090035
1616855866.0345998;-28.880812530592237
1616855866.1296258;-27.16054821341162
1616855866.2247653;-26.094468918257437
1616855866.31976;-26.13191385217814
1616855866.41503;-25.94909446891823
1616855866.5102155;-25.585658345570213
1616855866.6052778;-25.550416054821312
1616855866.7004144;-25.59226627508563
1616855866.7955441;-25.576847772882985
1616855866.8905861;-25.55261869799312
1616855866.985881;-25.605482134116468
1616855867.0810366;-25.651737640724395
1616855867.176137;-25.57905041605479
1616855867.2712674;-25.473323543808096
1616855867.3662703;-25.400636319138492
1616855867.461374;-25.360988742045983
1616855867.5564857;-25.38521781693585
1616855867.651622;-25.446891825746423
1616855867.7467005;-25.4380812530592
1616855867.8418522;-25.37420460107682
1616855867.9369478;-25.28830151737638
1616855868.032061;-25.24865394028387
1616855868.1272922;-25.35658345570237
1616855868.2223442;-25.444689182574617
1616855868.3174493;-25.548213411649506
1616855868.412582;-25.572442486539373
1616855868.5076985;-25.53499755261867
1616855868.6028476;-25.935878609887393
1616855868.6979985;-27.28169358786096
1616855868.7931154;-29.08786098874202
1616855868.8872085;-30.570239843367567
1616855868.9823148;-30.87860988742043
1616855869.0774195;-30.49314733235435
1616855869.17254;-27.720019579050387
1616855869.2676315;-22.03499755261867
1616855869.3627205;-20.059226627508536
1616855869.4578192;-19.82134116495347
1616855869.5529265;-19.89623103279488
1616855869.6480536;-19.894028389623074
1616855869.74314;-19.902838962310298
1616855869.8382447;-20.02838962310325
1616855869.9333556;-19.98874204601074
1616855870.028454;-19.83455702398431
1616855870.1235597;-19.664953499755235
1616855870.2186737;-18.47112090063629
1616855870.3137991;-16.830151737640694
1616855870.4088984;-17.083455702398407
1616855870.5040023;-14.920460107684749
1616855870.5991051;-11.151737640724397
1616855870.6942735;-1.2068037200195505
1616855870.789374;14.123592755751375
1616855870.8844981;-8.209006363191357
1616855870.9795601;-15.603279490944661
1616855871.0746982;-12.319138521781666
1616855871.1698327;-16.02398433675964
1616855871.26491;-17.22883015173761
1616855871.360008;-18.261869799314706
1616855871.455106;-20.82134116495347
1616855871.5502272;-13.290504160548185
1616855871.6453485;37.86588350465005
1616855871.740397;85.97161037689675
1616855871.835475;99.57072931962803
1616855871.9306;99.81522271169851
1616855872.0257194;100.33064121390116
1616855872.1208248;71.3857072931963
1616855872.2159228;7.16103768967208
1616855872.3110216;-22.711209006363163
1616855872.4061162;-24.682574645129684
1616855872.5012112;-24.75305922662748
1616855872.5963984;-25.902838962310298
1616855872.6915255;-24.62750856583453
1616855872.7865713;-23.77728830151735
1616855872.8816502;-23.929270680371975
1616855872.976799;-23.69579050416052
1616855873.0719218;-24.16054821341162
1616855873.1670272;-24.709006363191357
1616855873.2621503;-25.18477728830149
1616855873.3571906;-25.1539402838962
1616855873.4522943;-25.29931473323541
1616855873.5474584;-25.98874204601074
1616855873.6426344;-26.162750856583425
1616855873.737713;-25.125305922662722
1616855873.832803;-25.924865394028362
1616855873.927913;-23.944689182574617
1616855874.0229452;-16.805922662750827
1616855874.1180599;-15.777288301517348
1616855874.213267;-17.79931473323541
1616855874.3083205;-9.451297112090035
1616855874.4034104;31.262359275575164
1616855874.4985313;50.905531081742566
1616855874.59373;2.4892315222711985
1616855874.6886675;-20.935878609887393
1616855874.783787;-4.583455702398405
1616855874.878944;13.068526676456221
1616855874.974159;36.284385707293225
1616855875.0691621;9.130200685266793
1616855875.1642847;50.755751346059746
1616855875.2593737;142.3086147821831
1616855875.3544514;156.65222711698485
1616855875.449561;108.62799804209499
1616855875.5446951;4.561918746940802
1616855875.63983;-16.175966715614265
1616855875.734847;-3.2068037200195505
1616855875.82998;-17.537200195790476
1616855875.9251342;-23.010768477728803
1616855876.020239;-22.944689182574617
1616855876.1152964;-22.742046010768448
1616855876.2104168;-22.6539402838962
1616855876.305451;-22.24645129711206
1616855876.4005506;-21.801517376407215
1616855876.495613;-22.601076847772855
1616855876.5907564;-23.24645129711206
1616855876.685903;-21.946891825746423
1616855876.7809434;-20.559226627508536
1616855876.8760283;-20.24865394028387
1616855876.9711137;-20.23984336759664
1616855877.0662377;-20.193587860988714
1616855877.161317;-20.08786098874202
1616855877.2564597;-20.136319138521753
1616855877.351509;-20.145129711208977
1616855877.446587;-20.114292706803692
1616855877.5416882;-20.147332354380783
1616855877.6367764;-20.158345570239813
1616855877.7318814;-20.114292706803692
1616855877.826972;-20.14292706803717
1616855877.9220898;-20.17816935878607
1616855878.0171785;-20.222222222222193
1616855878.1123416;-20.237640724424836
1616855878.207452;-20.197993147332326
1616855878.302551;-20.319138521781664
1616855878.3976514;-20.422662750856556
1616855878.4927742;-20.455702398433647
1616855878.587825;-20.57464512971118
1616855878.682936;-20.550416054821312
1616855878.7780514;-20.60327949094466
1616855878.8731318;-20.651737640724395
1616855878.9682558;-20.623103279490916
1616855879.063343;-20.616495349975498
1616855879.1584575;-20.636319138521753
1616855879.2535644;-20.772883015173736
1616855879.3486438;-21.010768477728803
1616855879.4437504;-20.935878609887393
1616855879.5388396;-20.675966715614265
1616855879.6339636;-20.733235438081223
1616855879.7290554;-20.764072442486512
1616855879.8241603;-20.645129711208977
1616855879.9192684;-20.34557023984334
1616855880.0143886;-20.14292706803717
1616855880.10949;-20.151737640724395
1616855880.204587;-20.2596671561429
1616855880.2997322;-20.261869799314706
1616855880.394837;-20.17816935878607
1616855880.489952;-20.05261869799312
1616855880.585013;-19.865394028389595
1616855880.6801364;-19.66715614292704
1616855880.7752118;-19.52838962310325
1616855880.8703291;-19.50195790504158
1616855880.965399;-19.400636319138492
1616855881.0605245;-19.261869799314706
1616855881.1555994;-19.10327949094466
1616855881.250711;-18.968918257464484
1616855881.3458045;-18.986539402838932
1616855881.4409046;-18.995349975526157
1616855881.5360172;-18.92706803720017
1616855881.6311247;-19.008565834556997
1616855881.7262394;-18.944689182574617
1616855881.8213432;-18.84557023984334
1616855881.9164732;-18.744248653940254
1616855882.011552;-18.726627508565805
1616855882.106685;-18.634116495349947
1616855882.201775;-18.601076847772855
1616855882.296922;-18.554821341164924
1616855882.392961;-18.63191385217814
1616855882.4880295;-18.636319138521753
1616855882.58316;-18.647332354380783
1616855882.6782815;-18.62750856583453
1616855882.7733886;-18.66715614292704
1616855882.8686154;-18.709006363191357
1616855882.963646;-18.60327949094466
1616855883.0587475;-18.59887420460105
1616855883.153889;-18.634116495349947
1616855883.2490063;-18.682574645129684
1616855883.3441331;-18.634116495349947
1616855883.4392643;-18.656142927068007
1616855883.5343947;-18.629711209006334
1616855883.629709;-18.67816935878607
1616855883.7247186;-18.726627508565805
1616855883.819912;-18.697993147332326
1616855883.9150124;-18.656142927068007
1616855884.0101364;-18.662750856583425
1616855884.105245;-18.67816935878607
1616855884.2003732;-18.69579050416052
1616855884.295487;-18.823543808125276
1616855884.3906238;-18.94248653940281
1616855884.4857063;-18.957905041605454
1616855884.5808485;-18.924865394028362
1616855884.6759439;-18.95349975526184
1616855884.771107;-18.92046010768475
1616855884.86621;-18.843367596671534
1616855884.9613411;-18.87420460107682
1616855885.0564566;-19.00636319138519
1616855885.151606;-19.07905041605479
1616855885.2467196;-19.083455702398407
1616855885.3418562;-19.070239843367567
1616855885.4369748;-19.07464512971118
1616855885.5320978;-19.01737640724422
1616855885.6262205;-19.08786098874202
1616855885.721361;-19.220019579050387
1616855885.8164487;-19.244248653940254
1616855885.9115472;-19.242046010768448
1616855886.006648;-19.279490944689154
1616855886.1017683;-19.226627508565805
1616855886.1969168;-19.18477728830149
1616855886.2920206;-19.18477728830149
1616855886.3871174;-19.257464512971094
1616855886.4822392;-19.24865394028387
1616855886.5773356;-19.204601076847744
1616855886.6724248;-19.054821341164924
1616855886.7675016;-18.93147332354378
1616855886.8626041;-19.01297112090061
1616855886.957713;-18.984336759667126
1616855887.052854;-18.81032794909444
1616855887.147986;-18.772883015173736
1616855887.2430947;-18.715614292706775
1616855887.3381853;-18.623103279490916
1616855887.4332283;-18.640724424865365
1616855887.5283267;-18.75305922662748
1616855887.623436;-18.720019579050387
1616855887.7185087;-18.57464512971118
1616855887.8136163;-18.929270680371975
1616855887.9087582;-19.215614292706775
1616855888.0047898;-19.283896231032767
1616855888.0999184;-19.44909446891823
1616855888.1949966;-18.58786098874202
1616855888.2903473;-17.81032794909444
1616855888.3852506;-15.689182574645102
1616855888.4805174;-14.543808125305894
1616855888.5755215;-14.541605482134088
1616855888.6706634;-14.57464512971118
1616855888.7657464;-14.63191385217814
1616855888.8609502;-14.53499755261867
1616855888.9560258;-14.603279490944661
1616855889.0511527;-14.660548213411621
1616855889.1462228;-14.671561429270652
1616855889.2413573;-14.662750856583427
1616855889.3365228;-14.614292706803692
1616855889.4316056;-14.673764072442458
1616855889.5266933;-14.601076847772854
1616855889.6218162;-14.669358786098845
1616855889.7169406;-14.772883015173736
1616855889.8133435;-14.78169358786096
1616855889.9073505;-14.841164953499726
1616855890.002386;-14.78169358786096
1616855890.0975153;-14.651737640724397
1616855890.192657;-14.735438081253031
1616855890.2877622;-14.803720019579021
1616855890.3829181;-14.825746451297084
1616855890.4780486;-14.944689182574617
1616855890.5731688;-14.920460107684749
1616855890.668289;-14.830151737640696
1616855890.7634296;-14.863191385217789
1616855890.858544;-15.010768477728801
1616855890.9536717;-15.114292706803692
1616855891.0487983;-15.20680372001955
1616855891.1439197;-15.10988742046008
1616855891.239035;-15.153940283896203
1616855891.333161;-15.145129711208979
1616855891.4282925;-15.083455702398405
1616855891.5233731;-14.847772883015145
1616855891.6184876;-14.53499755261867
1616855891.713614;-14.64953499755259
1616855891.808783;-14.761869799314704
1616855891.903882;-14.680372001957876
1616855891.998932;-14.733235438081225
1616855892.0941024;-14.834557023984308
1616855892.1892214;-14.825746451297084
1616855892.2842917;-14.854380812530565
1616855892.3793447;-14.935878609887393
1616855892.4744508;-14.962310327949066
1616855892.5696099;-14.91385217816933
1616855892.6647055;-14.922662750856555
1616855892.7598112;-14.975526186979902
1616855892.8548617;-15.054821341164924
1616855892.9499726;-15.094468918257435
1616855893.045096;-15.186979931473296
1616855893.1402247;-15.301517376407215
1616855893.2353098;-15.341164953499726
1616855893.3304205;-15.363191385217789
1616855893.4254527;-15.416054821341136
1616855893.520703;-15.526186979931445
1616855893.615697;-15.755261869799286
1616855893.7108223;-16.01297112090061
1616855893.805908;-15.975526186979902
1616855893.900971;-15.909446891825718
1616855893.9961002;-15.83896231032792
1616855894.091249;-15.880812530592237
1616855894.1863089;-15.880812530592237
1616855894.281401;-15.946891825746423
1616855894.3765106;-16.039402838962282
1616855894.4715447;-16.041605482134088
1616855894.5667083;-16.026186979931445
1616855894.6617758;-16.112090063631886
1616855894.756905;-16.169358786098847
1616855894.8520014;-16.18477728830149
1616855894.9470496;-16.231032794909417
1616855895.0421596;-16.347772883015146
1616855895.1373165;-16.422662750856556
1616855895.2324219;-16.330151737640694
1616855895.327493;-16.358786098874177
1616855895.4225492;-16.40724424865391
1616855895.517678;-16.572442486539373
1616855895.6128497;-16.70239843367594
1616855895.7079277;-16.843367596671534
1616855895.803062;-16.905041605482104
1616855895.8981445;-16.898433675966686
1616855895.9931746;-16.96451297112087
1616855896.088284;-17.015173764072415
1616855896.1834376;-16.986539402838932
1616855896.2785249;-17.140724424865365
1616855896.3737292;-16.508565834556997
1616855896.7966447;-17.724424865394
1616855896.8916867;-17.78169358786096
1616855896.9867816;-17.946891825746423
1616855897.08186;-17.955702398433647
1616855897.1770353;-18.072442486539373
1616855897.272117;-18.301517376407215
1616855897.3672004;-18.365394028389595
1616855897.4622939;-18.583455702398407
1616855897.5573273;-18.891825746451268
1616855897.6524465;-19.16054821341162
1616855897.7475657;-19.294909446891797
1616855897.8426907;-19.519579050416027
1616855897.9377646;-19.73984336759664
1616855898.0328765;-20.07464512971118
1616855898.1279175;-20.31473323543805
1616855898.2230215;-20.724424865394
1616855898.3181868;-21.101076847772855
1616855898.4132788;-21.601076847772855
1616855898.5083728;-22.272883015173736
1616855898.6034944;-23.680372001957878
1616855898.6985624;-26.00195790504158
1616855898.7936401;-26.40724424865391
1616855898.8887644;-25.29931473323541
1616855898.9839344;-24.612090063631886
1616855899.0790777;-24.891825746451268
1616855899.174175;-25.186979931473296
1616855899.26921;-26.123103279490916
1616855899.3642993;-27.32134116495347
1616855899.459363;-27.572442486539373
1616855899.5545056;-27.70239843367594
1616855899.6495993;-28.21341164953497
1616855899.744885;-25.918257464512944
1616855899.8397532;-25.94248653940281
1616855899.9348562;-26.819138521781664
1616855900.0300643;-25.81473323543805
1616855900.1252515;-26.720019579050387
1616855900.220268;-26.332354380812504
1616855900.3153417;-25.466715614292678
1616855900.4104338;-26.347772883015146
1616855900.505516;-26.147332354380783
1616855900.6007304;-25.997552618697966
1616855900.6958206;-26.319138521781664
1616855900.7909358;-27.10988742046008
1616855900.8859603;-26.554821341164924
1616855900.9810855;-25.294909446891797
1616855901.076242;-26.043808125305894
1616855901.171309;-26.032794909446864
1616855901.266441;-24.89623103279488
1616855901.3615065;-24.55261869799312
1616855901.4565718;-24.64292706803717
1616855901.551675;-25.030592266275058
1616855901.6467803;-25.429270680371975
1616855901.7418823;-25.59226627508563
1616855901.83701;-25.171561429270653
1616855901.9321039;-24.237640724424836
1616855902.0272071;-21.962310327949066
1616855902.1223245;-22.136319138521753
1616855902.2174442;-22.27728830151735
1616855902.312555;-22.737640724424836
1616855902.4076397;-22.764072442486512
1616855902.5027435;-22.59226627508563
1616855902.5978596;-22.933675966715587
1616855902.6929564;-24.101076847772855
1616855902.7880483;-29.336759667156116
1616855902.883172;-33.26407244248651
1616855902.9782648;-29.376407244248625
1616855903.0733557;-27.151737640724395
1616855903.1684685;-26.38962310327946
1616855903.2635696;-26.325746451297082
1616855903.3586833;-27.446891825746423
1616855903.4537861;-28.101076847772855
1616855903.5488906;-26.532794909446864
1616855903.6440017;-26.497552618697966
1616855903.7391047;-26.733235438081223
1616855903.834214;-27.286098874204573
1616855903.929424;-28.279490944689154
1616855904.0244567;-28.87420460107682
1616855904.1195588;-29.226627508565805
1616855904.2146504;-29.530592266275058
1616855904.3097515;-29.539402838962282
1616855904.4048665;-28.975526186979902
1616855904.4999723;-26.838962310327922
1616855904.5950496;-25.724424865394
1616855904.6902258;-28.473323543808096
1616855904.7863595;-28.872001957905013
1616855904.8814363;-27.462310327949066
1616855904.976547;-27.118697993147304
1616855905.0716991;-26.36319138521779
1616855905.1667757;-26.204601076847744
1616855905.261903;-26.50636319138519
1616855905.3571172;-26.468918257464484
1616855905.4521487;-26.076847772882985
1616855905.547265;-26.98874204601074
1616855905.6424239;-28.00636319138519
1616855905.7375448;-26.570239843367567
1616855905.8326807;-25.44909446891823
1616855905.9277987;-25.413852178169332
1616855906.0229423;-26.2596671561429
1616855906.11805;-27.858786098874177
1616855906.2131722;-27.158345570239813
1616855906.3082914;-24.968918257464484
1616855906.4034047;-22.766275085658318
1616855906.498534;-22.233235438081223
1616855906.5936759;-22.18477728830149
1616855906.688856;-22.182574645129684
1616855906.7839072;-22.061429270680343
1616855906.8790152;-22.030592266275058
1616855906.9741347;-22.070239843367567
1616855907.0693014;-21.977728830151708
1616855907.1644251;-22.030592266275058
1616855907.2595563;-22.0460107684777
1616855907.3546782;-22.041605482134088
1616855907.4498248;-22.019579050416027
1616855907.5449214;-21.944689182574617
1616855907.6400795;-21.955702398433647
1616855907.7351646;-21.990944689182545
1616855907.8303335;-21.872001957905013
1616855907.9254158;-21.764072442486512
1616855908.019504;-21.69579050416052
1616855908.114628;-21.66054821341162
1616855908.209729;-21.590063631913825
1616855908.3048258;-21.5460107684777
1616855908.3999515;-21.43147332354378
1616855908.4950364;-21.360988742045983
1616855908.5901687;-21.400636319138492
1616855908.6852562;-21.250856583455676
1616855908.7803698;-20.97112090063629
1616855908.8754544;-20.847772883015146
1616855908.9705944;-20.69579050416052
1616855909.0656855;-20.67816935878607
1616855909.1608005;-20.605482134116468
1616855909.2558765;-20.44909446891823
1616855909.350978;-20.354380812530565
1616855909.4460819;-20.31473323543805
1616855909.5411732;-20.21341164953497
1616855909.636281;-20.094468918257437
1616855909.7313743;-19.979931473323514
1616855909.8264694;-19.891825746451268
1616855909.9215765;-19.73543808125303
1616855910.0166771;-19.614292706803692
1616855910.1117918;-19.645129711208977
1616855910.2069085;-19.515173764072415
1616855910.3020616;-19.341164953499728
1616855910.3981588;-19.204601076847744
1616855910.4932008;-19.134116495349947
1616855910.5883048;-18.995349975526157
1616855910.6834538;-18.891825746451268
1616855910.7785587;-18.911649534997522
1616855910.8736618;-18.700195790504132
1616855910.9688973;-18.585658345570213
1616855911.0639136;-18.561429270680343
1616855911.1590436;-18.612090063631886
1616855911.2541878;-18.44248653940281
1616855911.3492768;-18.19579050416052
1616855911.4443858;-18.18477728830149
1616855911.5395124;-18.17376407244246
1616855911.6346262;-18.136319138521753
1616855911.7297559;-18.211209006363163
1616855911.8248897;-18.255261869799288
1616855911.9200487;-18.019579050416027
1616855912.015134;-17.94909446891823
1616855912.110301;-17.898433675966686
1616855912.2054005;-17.849975526186952
1616855912.3006022;-17.891825746451268
1616855912.3956838;-17.973323543808096
1616855912.4908319;-17.85658345570237
1616855912.5859382;-17.794909446891797
1616855912.6810725;-17.680372001957878
1616855912.7761784;-17.691385217816908
1616855912.8713346;-17.75305922662748
1616855912.9664114;-17.700195790504132
1616855913.061562;-17.625305922662722
1616855913.1566534;-17.215614292706775
1616855913.251979;-16.686979931473296
1616855913.3468928;-16.451297112090035
1616855913.4420316;-16.63852178169356
1616855913.5371494;-16.722222222222193
1616855913.6322742;-16.497552618697966
1616855913.7264435;-16.398433675966686
1616855913.8215494;-16.50195790504158
1616855913.9166658;-16.618697993147304
1616855914.0117898;-16.5460107684777
1616855914.1068761;-16.46451297112087
1616855914.2019656;-16.43147332354378
1616855914.2970748;-16.222222222222193
1616855914.3921757;-16.250856583455676
1616855914.4873116;-16.433675966715587
1616855914.5823815;-16.510768477728803
1616855914.6774688;-16.495349975526157
1616855914.7725663;-16.5812530592266
1616855914.8676543;-16.462310327949066
1616855914.9627614;-16.49314733235435
1616855915.0578687;-16.45349975526184
1616855915.1529744;-16.44248653940281
1616855915.2480683;-16.554821341164924
1616855915.3432019;-16.515173764072415
1616855915.4382803;-16.49314733235435
1616855915.5333853;-16.541605482134088
1616855915.6284804;-16.497552618697966
1616855915.7236197;-16.570239843367567
1616855915.8187065;-16.561429270680343
1616855915.9138436;-16.497552618697966
1616855916.0089273;-16.418257464512944
1616855916.103974;-16.354380812530565
1616855916.199064;-16.510768477728803
1616855916.294163;-16.495349975526157
1616855916.3892577;-16.4380812530592
1616855916.484407;-16.3675966715614
1616855916.5794961;-16.468918257464484
1616855916.6745534;-16.711209006363163
1616855916.769635;-16.838962310327922
1616855916.8648174;-16.83455702398431
1616855916.9598665;-16.841164953499728
1616855917.0549366;-16.83455702398431
1616855917.1500688;-16.607684777288274
1616855917.2451715;-16.504160548213385
1616855917.3403132;-16.658345570239813
1616855917.435468;-16.85217816935876
1616855917.530558;-16.97112090063629
1616855917.625639;-16.94248653940281
1616855917.720698;-16.933675966715587
1616855917.815764;-16.9380812530592
1616855917.910873;-16.83455702398431
1616855918.0060098;-16.836759667156116
1616855918.101124;-16.755261869799288
1616855918.1961591;-16.854380812530565
1616855918.291269;-16.808125305922633
1616855918.3864174;-16.783896231032767
1616855918.4815438;-16.929270680371975
1616855918.5766428;-16.924865394028362
1616855918.6717381;-17.01737640724422
1616855918.7667906;-16.98213411649532
1616855918.861884;-16.42706803720017
1616855918.957057;-16.083455702398407
1616855919.052153;-16.418257464512944
1616855919.1472602;-16.775085658345542
1616855919.242326;-16.526186979931445
1616855919.3373988;-16.31032794909444
1616855919.4325542;-16.468918257464484
1616855919.5276802;-16.57905041605479
1616855919.622747;-16.66715614292704
1616855919.7178588;-16.898433675966686
1616855919.8128896;-16.750856583455676
1616855919.9080002;-16.220019579050387
1616855920.0031545;-14.922662750856555
1616855920.0983295;-13.819138521781666
1616855920.1933875;-13.709006363191357
1616855920.288473;-13.700195790504132
1616855920.3835278;-13.68477728830149
1616855920.4786263;-13.63191385217814
1616855920.5737967;-13.616495349975498
1616855920.6689057;-13.5460107684777
1616855920.7641063;-13.44909446891823
1616855920.8590581;-13.420460107684749
1616855920.9541502;-13.288301517376379
1616855921.0492637;-13.228830151737613
1616855921.1445277;-13.29931473323541
1616855921.239498;-13.376407244248625
1616855921.3346426;-13.387420460107656
1616855921.4297037;-13.380812530592237
1616855921.5248094;-13.429270680371973
1616855921.6199398;-13.565834557023956
1616855921.714995;-13.686979931473296
1616855921.8101108;-13.803720019579021
1616855921.9051814;-13.946891825746423
1616855922.0002398;-14.032794909446864
1616855922.0954123;-13.97112090063629
1616855922.190456;-13.887420460107656
1616855922.2855113;-13.907244248653912
1616855922.3806486;-13.909446891825718
1616855922.475797;-13.929270680371973
1616855922.5709178;-13.830151737640696
1616855922.666012;-13.521781693587833
1616855922.761048;-13.462310327949066
1616855922.8561428;-13.497552618697965
1616855922.9512498;-13.484336759667128
1616855923.0463917;-13.552618697993118
1616855923.1414797;-13.651737640724397
1616855923.236604;-13.830151737640696
1616855923.3316429;-13.865394028389595
1616855923.426746;-13.867596671561401
1616855923.521917;-14.054821341164924
1616855923.617024;-14.094468918257435
1616855923.7121325;-14.105482134116468
1616855923.807218;-14.173764072442458
1616855923.9022722;-14.158345570239815
1616855923.9973788;-14.06363191385215
1616855924.09258;-14.112090063631886
1616855924.1876597;-14.222222222222193
1616855924.282762;-14.272883015173736
1616855924.377836;-14.360988742045983
1616855924.4729047;-14.330151737640696
1616855924.5680642;-14.173764072442458
1616855924.6631489;-14.283896231032767
1616855924.7582476;-14.506363191385189
1616855924.8534472;-14.561429270680344
1616855924.9483821;-14.543808125305894
1616855925.043496;-14.576847772882987
1616855925.1386669;-14.629711209006334
1616855925.2338674;-14.62090063631911
1616855925.3288565;-14.590063631913823
1616855925.423972;-14.653940283896203
1616855925.519013;-14.579050416054793
1616855925.6141129;-14.506363191385189
1616855925.7092805;-14.508565834556995
1616855925.8044033;-14.38521781693585
1616855925.899493;-14.332354380812502
1616855925.9945264;-14.360988742045983
1616855926.0896409;-14.380812530592237
1616855926.18474;-14.33896231032792
1616855926.2799118;-14.442486539402811
1616855926.374984;-14.57464512971118
1616855926.4701295;-14.576847772882987
1616855926.5651548;-14.660548213411621
1616855926.660238;-14.750856583455674
1616855926.7553692;-14.81693587860986
1616855926.8504982;-14.907244248653912
1616855926.9455898;-14.964512971120872
1616855927.0407028;-15.019579050416027
1616855927.1357985;-15.052618697993118
1616855927.2308514;-15.107684777288274
1616855927.3259888;-15.059226627508536
1616855927.4210968;-15.07464512971118
1616855927.5161257;-15.136319138521753
1616855927.6112196;-15.215614292706775
1616855927.7064323;-15.246451297112062
1616855927.8014777;-15.321341164953472
1616855927.8965635;-15.369799314733207
1616855927.9916534;-15.493147332354352
1616855928.086701;-15.56363191385215
1616855928.1818454;-15.66715614292704
1616855928.276886;-15.775085658345542
1616855928.3720424;-15.852178169358758
1616855928.4671385;-16.00195790504158
1616855928.5622475;-16.06803720019576
1616855928.6573336;-15.803720019579021
1616855928.7524388;-15.673764072442458
1616855928.8475475;-15.836759667156114
1616855928.9426084;-16.008565834556997
1616855929.0377104;-16.02398433675964
1616855929.1328423;-15.973323543808096
1616855929.2279854;-16.032794909446864
1616855929.3231797;-16.261869799314706
1616855929.4181983;-16.585658345570213
1616855929.5132785;-16.71781693587858
1616855929.6083856;-16.911649534997522
1616855929.703477;-17.030592266275058
1616855929.7985454;-17.125305922662722
1616855929.8936129;-17.250856583455676
1616855929.988704;-17.261869799314706
1616855930.083791;-17.319138521781664
1616855930.1789017;-17.400636319138492
1616855930.274069;-17.422662750856556
1616855930.3691788;-17.548213411649506
1616855930.464267;-17.570239843367567
1616855930.5593853;-17.59226627508563
1616855930.6544895;-17.64292706803717
1616855930.7496006;-17.775085658345542
1616855930.844666;-17.790504160548185
1616855930.939768;-17.79931473323541
1616855931.034868;-17.86319138521779
1616855931.1299767;-17.94248653940281
1616855931.2251294;-17.944689182574617
1616855931.3202202;-17.391825746451268
1616855931.4153132;-17.021781693587833
1616855931.5104346;-17.422662750856556
1616855931.605498;-17.680372001957878
1616855931.700587;-17.860988742045983
1616855931.7956595;-18.09887420460105
1616855931.890776;-18.065834557023955
1616855931.9858806;-18.037200195790476
1616855932.0810218;-18.20680372001955
1616855932.1761253;-18.42046010768475
1616855932.2712271;-18.812530592266246
1616855932.3663292;-19.09226627508563
1616855932.4614062;-19.25305922662748
1616855932.5565062;-19.462310327949066
1616855932.6516047;-19.612090063631886
1616855932.7468145;-19.78169358786096
1616855932.8418725;-19.966715614292678
1616855932.9369314;-19.922662750856556
1616855933.0320504;-20.076847772882985
1616855933.1271298;-19.90724424865391
1616855933.2221994;-19.880812530592237
1616855933.317375;-20.175966715614265
1616855933.412443;-20.51737640724422
1616855933.50747;-20.570239843367567
1616855933.6025715;-20.515173764072415
1616855933.6976748;-20.87420460107682
1616855933.7929273;-20.94248653940281
1616855933.887928;-20.47112090063629
1616855933.9830227;-20.96451297112087
1616855934.0781455;-21.50636319138519
1616855934.1733203;-21.601076847772855
1616855934.268354;-21.134116495349947
1616855934.3634531;-20.757464512971094
1616855934.4585016;-21.255261869799288
1616855934.5535965;-21.98213411649532
1616855934.648697;-22.3675966715614
1616855934.7438607;-22.394028389623074
1616855934.8389475;-22.51737640724422
1616855934.9340377;-22.634116495349947
1616855935.0291204;-22.601076847772855
1616855935.1242418;-22.42706803720017
1616855935.2193298;-22.233235438081223
1616855935.3144298;-22.23984336759664
1616855935.409537;-22.12750856583453
1616855935.5046413;-21.548213411649506
1616855935.599701;-19.43147332354378
1616855935.6947927;-19.858786098874177
1616855935.7899373;-20.825746451297082
1616855935.8850715;-20.902838962310298
1616855935.980174;-20.999755261869772
1616855936.0752704;-20.918257464512944
1616855936.170389;-21.10988742046008
1616855936.265459;-21.36319138521779
1616855936.3605545;-21.515173764072415
1616855936.4555995;-21.440283896231005
1616855936.5507014;-21.60327949094466
1616855936.645803;-22.026186979931445
1616855936.740891;-22.242046010768448
1616855936.8360496;-22.180372001957878
1616855936.9311435;-21.95349975526184
1616855937.026254;-22.048213411649506
1616855937.1213424;-21.984336759667126
1616855937.216465;-22.02838962310325
1616855937.3115497;-22.164953499755235
1616855937.4066067;-22.14953499755259
1616855937.501726;-22.1539402838962
1616855937.5968237;-22.156142927068007
1616855937.6919246;-22.162750856583425
1616855937.7870634;-22.118697993147304
1616855937.8821657;-22.17816935878607
1616855937.9772496;-22.197993147332326
1616855938.0723634;-22.12090063631911
1616855938.1674528;-22.255261869799288
1616855938.262556;-22.308125305922633
1616855938.3576446;-22.3675966715614
1616855938.4526896;-22.48874204601074
1616855938.547782;-22.129711209006334
1616855938.642871;-21.951297112090035
1616855938.738021;-22.07905041605479
1616855938.8331106;-22.112090063631886
1616855938.928283;-22.24645129711206
1616855939.0234127;-22.4380812530592
1616855939.1184256;-22.32134116495347
1616855939.2135272;-22.211209006363163
1616855939.3085852;-22.457905041605454
1616855939.4036798;-22.40724424865391
1616855939.498779;-22.365394028389595
1616855939.5939357;-22.490944689182545
1616855939.6890275;-22.537200195790476
1616855939.7841284;-22.530592266275058
1616855939.8792176;-22.825746451297082
1616855939.9742472;-22.957905041605454
1616855940.0693398;-22.900636319138492
1616855940.1644363;-22.55261869799312
1616855940.2595296;-22.418257464512944
1616855940.3547072;-22.51737640724422
1616855940.4498246;-22.726627508565805
1616855940.5448477;-22.82134116495347
1616855940.6399794;-23.030592266275058
1616855940.7350607;-23.31032794909444
1616855940.830193;-23.612090063631886
1616855940.9253325;-23.640724424865365
1616855941.0204356;-23.634116495349947
1616855941.1155226;-23.175966715614265
1616855941.2106297;-22.79270680371999
1616855941.3057134;-22.85217816935876
1616855941.4008243;-22.68477728830149
1616855941.495853;-22.59226627508563
1616855941.5909483;-22.376407244248625
1616855941.686061;-22.297112090063603
1616855941.781135;-22.44909446891823
1616855941.8763056;-22.71781693587858
1616855941.9713922;-22.97112090063629
1616855942.0664773;-23.156142927068007
1616855942.1616051;-23.429270680371975
1616855942.256639;-21.909446891825716
1616855942.3517556;-20.261869799314706
1616855942.4468532;-22.34557023984334
1616855942.5420327;-23.231032794909417
1616855942.6371312;-23.634116495349947
1616855942.7322254;-23.44248653940281
1616855942.8272974;-22.838962310327922
1616855942.9224176;-55.37420460107682
1616855943.0174987;-46.99534997552616
1616855943.1125996;-26.51737640724422
1616855943.2076554;-26.123103279490916
1616855943.3027513;-26.204601076847744
1616855943.3978515;-26.402838962310298
1616855943.4930272;-26.576847772882985
1616855943.588097;-26.572442486539373
1616855943.6832018;-26.55261869799312
1616855943.7783184;-26.347772883015146
1616855943.8735263;-26.647332354380783
1616855943.9685948;-26.872001957905013
1616855944.0635612;-26.73984336759664
1616855944.1586502;-26.766275085658318
1616855944.2537537;-26.849975526186952
1616855944.34889;-26.847772883015146
1616855944.4439688;-26.618697993147304
1616855944.5391355;-25.323543808125276
1616855944.6341832;-23.81473323543805
1616855944.7292535;-23.433675966715587
1616855944.8243628;-23.37860988742043
1616855944.9194546;-23.305922662750827
1616855945.0144823;-23.24645129711206
1616855945.109585;-23.2596671561429
1616855945.204733;-23.209006363191357
1616855945.2998586;-23.054821341164924
1616855945.3948903;-23.327949094468888
1616855945.4901173;-23.44248653940281
1616855945.5851045;-23.327949094468888
1616855945.680285;-23.275085658345542
1616855945.7753513;-23.31473323543805
1616855945.8704727;-23.31032794909444
1616855945.96557;-23.360988742045983
1616855946.0606678;-23.372001957905013
1616855946.1557672;-23.182574645129684
1616855946.2508461;-23.171561429270653
1616855946.345953;-23.25305922662748
1616855946.4410577;-23.220019579050387
1616855946.5361588;-23.29931473323541
1616855946.631266;-23.409446891825716
1616855946.7262917;-23.446891825746423
1616855946.8213763;-23.44248653940281
1616855946.9164732;-23.499755261869772
1616855947.0116224;-23.618697993147304
1616855947.1067388;-23.62090063631911
1616855947.2018316;-23.55702398433673
1616855947.2969224;-23.62090063631911
1616855947.3920467;-23.550416054821312
1616855947.4871318;-23.57905041605479
1616855947.5823534;-23.794909446891797
1616855947.6772969;-23.990944689182545
1616855947.7723958;-24.00195790504158
1616855947.8674936;-23.93147332354378
1616855947.9627464;-0.6010768477728545
1616855948.0577352;56.82623592755754
1616855948.1528432;93.8857072931963
1616855948.2479336;165.83945178658837
1616855948.343018;269.7028879099364
1616855948.4381204;238.43196279980424
1616855948.5332088;324.3064121390113
1616855948.6282845;250.3504650024474
1616855948.7233732;371.98042094958396
1616855948.8184826;102.29099363680864
1616855948.9135818;320.2116984826236
1616855949.0087469;143.93416544297605
1616855949.103852;209.4495839451787
1616855949.198939;165.2843857072932
1616855949.294081;94.4539892315223
1616855949.3891766;227.5244738130201
1616855949.484234;57.33724914341657
1616855949.5793574;19.973813020068555
1616855949.6755302;27.56852667645622
1616855949.7705986;-19.409446891825716
1616855949.8657322;131.65002447381306
1616855949.960879;432.0575134605972
1616855950.0559337;284.36588350465007
1616855950.1512187;417.97161037689676
1616855950.2460938;346.98042094958396
1616855950.3413403;374.1522271169849
1616855950.4363964;355.58835046500246
1616855950.531576;184.42315222711701
1616855950.626672;496.7976015663241
1616855950.7216907;53.37689672050908
1616855950.81687;139.12139011257958
1616855951.2400353;1803.1346059716104
1616855951.3350463;1950.5112579539893
1616855951.4301805;1385.8284385707293
1616855951.5252564;373.1522271169849
1616855951.6204069;25.93636808614785
1616855951.715485;-12.220019579050387
1616855951.8106425;-10.830151737640696
1616855951.9057322;-11.75305922662748
1616855952.0009134;12.612579539892344
1616855952.0959923;62.751346059716134
1616855952.1911407;64.843857072932
1616855952.2862334;49.93636808614785
1616855952.3813765;41.57513460597164
1616855952.476472;41.41434165442979
1616855952.5716386;39.072931962799835
1616855952.666757;114.92976015663243
1616855952.7619047;205.4517865883505
1616855952.8570101;28.161037689672078
1616855952.9510813;-84.49755261869797
1616855953.0462;-190.63631913852174
1616855953.1412938;-202.92046010768476
1616855953.2363873;-160.20900636319135
1616855953.3314877;-336.52838962310324
1616855953.4265733;-140.74865394028387
1616855953.5216746;-305.45570239843363
1616855953.616788;-352.3455702398433
1616855953.7118852;-76.27949094468916
1616855953.8069882;-209.98433675966712
1616855953.9020984;-455.59446891825746
1616855953.9972064;-278.44909446891825
1616855954.0923238;45.72931962799807
1616855954.1873884;272.5354870288791
1616855954.2824988;263.6257953989232
1616855954.3776155;-82.29270680372
1616855954.4727025;-243.8631913852178
1616855954.567797;43.32183064121393
1616855954.6629555;54.55531081742539
1616855954.7580745;-33.20680372001955
1616855954.8531573;-16.825746451297082
1616855954.9482083;-23.43147332354378
1616855955.043291;-44.008565834557
1616855955.1385088;-46.504160548213385
1616855955.2335906;-39.438081253059195
1616855955.3286376;-36.09667156142924
1616855955.4237256;-37.332354380812504
1616855955.518819;-35.449094468918226
1616855955.6138654;-36.631913852178144
1616855955.7089615;-37.52178169358783
1616855955.8041863;-41.598874204601046
1616855955.8992126;-44.89623103279488
1616855955.994332;-39.5107684777288
1616855956.0894132;-43.12750856583453
1616855956.1845274;-42.565834557023955
1616855956.2795978;-39.964512971120875
1616855956.374656;-39.19579050416052
1616855956.4698691;-38.41825746451294
1616855956.5648978;-37.17376407244246
1616855956.6600118;-38.87200195790501
1616855956.7550666;-37.88081253059224
1616855956.8502052;-36.087860988742015
1616855956.9452975;-34.18477728830149
1616855957.0403395;-35.31032794909444
1616855957.1354141;-36.693587860988714
1616855957.2306054;-39.75085658345567
1616855957.3256817;-44.40724424865391
1616855957.4207764;-47.39623103279488
1616855957.515871;-40.86979931473321
1616855957.610982;-36.693587860988714
1616855957.7060921;-35.97112090063629
1616855957.8011682;-37.64733235438079
1616855957.8962703;-40.131913852178144
1616855957.9913013;-35.854380812530565
1616855958.086414;-31.548213411649506
1616855958.1815033;-37.343367596671534
1616855958.276666;-42.22222222222219
1616855958.3717377;-43.87200195790501
1616855958.4668417;-45.07464512971118
1616855958.561943;-45.486539402838936
1616855958.6570404;-46.598874204601046
1616855958.7520866;-35.9028389623103
1616855958.847194;-31.222222222222193
1616855958.9422917;-34.31032794909444
1616855959.037452;-28.772883015173736
1616855959.132541;-24.96451297112087
1616855959.227645;-26.53499755261867
1616855959.3228664;-29.689182574645102
1616855959.7457736;-42.96231032794907
1616855959.8408704;-36.53940283896228
1616855959.9359798;-36.92266275085655
1616855960.0310736;-34.164953499755235
1616855960.1261466;-34.65614292706801
1616855960.221253;-37.66054821341162
1616855960.3163025;-38.63852178169356
1616855960.4113884;-37.07905041605479
1616855960.5065382;-36.09226627508563
1616855960.6016438;-38.325746451297086
1616855960.6967454;-38.56142927068034
1616855960.7919023;-38.53059226627506
1616855960.8869424;-37.48874204601074
1616855960.9819613;-37.43147332354378
1616855961.077097;-37.72883015173761
1616855961.1721334;-38.03499755261867
1616855961.2672758;-38.55922662750854
1616855961.3624213;-40.0460107684777
1616855961.4574432;-41.30812530592264
1616855961.5525367;-38.93587860988739
1616855961.6476257;-38.07023984336757
1616855961.742669;-37.84557023984334
1616855961.8377466;-37.71120900636316
1616855961.9328897;-37.532794909446864
1616855962.0279918;-36.554821341164924
1616855962.1230896;-35.704601076847744
1616855962.2181888;-35.54160548213409
1616855962.3132749;-35.64072442486537
1616855962.4083934;-36.142927068037174
1616855962.503426;-36.62750856583453
1616855962.5985181;-35.38962310327946
1616855962.693693;-34.7949094468918
1616855962.7887921;-35.15834557023982
1616855962.8838785;-36.37420460107682
1616855962.9789715;-45.343367596671534
1616855963.0740569;-52.61429270680369
1616855963.169149;-52.90724424865391
1616855963.2641802;-52.06803720019576
1616855963.359278;-39.087860988742015
1616855963.4544284;-18.629711209006334
1616855963.5495088;-17.18477728830149
1616855963.644618;-22.468918257464484
1616855963.7398343;-41.35658345570237
1616855963.8347907;-51.57023984336757
1616855963.9298651;-50.5812530592266
1616855964.0249453;-49.292706803719994
1616855964.120057;-48.65834557023982
1616855964.215191;-48.949094468918226
1616855964.3102355;-49.653940283896205
1616855964.405403;-49.724424865394
1616855964.50051;-50.12750856583453
1616855964.5955927;-50.332354380812504
1616855964.6906936;-48.27288301517373
1616855964.7857692;-46.88301517376404
1616855964.8808756;-46.13411649534995
1616855964.975888;-44.894028389623074
1616855965.0709872;-42.81032794909444
1616855965.1660585;-41.21120900636316
1616855965.2611988;-44.11429270680369
1616855965.3562965;-44.70019579050413
1616855965.4514027;-44.409446891825716
1616855965.5465102;-41.96671561429268
1616855965.6415951;-39.17816935878607
1616855965.7366385;-35.814733235438055
1616855965.8317363;-33.19579050416052
1616855965.926886;-31.744248653940254
1616855966.0219822;-33.43587860988739
1616855966.117112;-40.475526186979906
1616855966.2121804;-45.94248653940281
1616855966.3072963;-46.587860988742015
1616855966.40343;-46.56363191385215
1616855966.4985526;-46.28609887420457
1616855966.593658;-46.30812530592264
1616855966.68876;-45.438081253059195
1616855966.7839036;-41.497552618697966
1616855966.8791788;-40.032794909446864
1616855966.9741654;-40.33455702398431
1616855967.0692108;-40.77068037200193
1616855967.1643164;-41.21341164953497
1616855967.259447;-41.42266275085655
1616855967.3545353;-41.53940283896228
1616855967.4495642;-41.60107684777285
1616855967.5447993;-38.755261869799284
1616855967.9680924;-42.737640724424836
1616855968.0631444;-42.80151737640722
1616855968.1583564;-42.72883015173761
1616855968.5815973;-43.60768477728827
1616855968.676723;-43.6891825746451
1616855968.771935;-44.416054821341135
1616855968.8669722;-45.70680372001955
1616855968.9619715;-45.91164953499752
1616855969.0571449;-45.75085658345567
1616855969.1522307;-46.5834557023984
1616855969.2473352;-47.5107684777288
1616855969.3424761;-47.31913852178167
1616855969.437613;-47.09667156142924
1616855969.5327241;-41.153940283896205
1616855969.6278317;-40.83896231032792
1616855969.7219121;-45.31032794909444
1616855969.816996;-45.043808125305894
1616855969.9120903;-45.464512971120875
1616855970.007182;-46.13852178169356
1616855970.1022995;-46.894028389623074
1616855970.1973703;-47.67816935878607
1616855970.2924683;-48.20019579050413
1616855970.387565;-48.788301517376375
1616855970.4826665;-49.23323543808122
1616855970.5777597;-48.22001957905039
1616855970.6728497;-45.64953499755259
1616855970.7679644;-41.8301517376407
1616855970.8630512;-37.36098874204598
1616855970.9581573;-38.23103279490942
1616855971.053241;-44.19579050416052
1616855971.148369;-41.193587860988714
1616855971.2434397;-39.605482134116464
1616855971.3385365;-41.31913852178167
1616855971.4336286;-38.354380812530565
1616855971.5287244;-37.832354380812504
1616855971.6238055;-39.0107684777288
1616855971.7188869;-40.73984336759664
1616855971.8139958;-39.00636319138519
1616855971.9090648;-33.065834557023955
1616855972.004236;-31.44248653940281
1616855972.1003447;-31.319138521781664
1616855972.1954176;-28.44248653940281
1616855972.290552;-23.830151737640694
1616855972.385622;-28.349975526186952
1616855972.48075;-31.645129711208977
1616855972.5759635;-32.52398433675964
1616855972.6710198;-32.993147332354354
1616855972.7660844;-33.10768477728827
1616855972.8612669;-28.33455702398431
1616855972.9563205;-23.55702398433673
1616855973.051476;-23.786098874204573
1616855973.1465628;-24.34557023984334
1616855973.241683;-24.57464512971118
1616855973.3367693;-25.019579050416027
1616855973.431915;-26.369799314733207
1616855973.526998;-29.204601076847744
1616855973.622118;-30.499755261869772
1616855973.7172287;-29.693587860988714
1616855973.8123574;-29.01297112090061
1616855973.9074667;-30.995349975526157
1616855974.0025835;-32.77949094468915
1616855974.0977;-32.5107684777288
1616855974.1927948;-32.409446891825716
1616855974.2879326;-32.416054821341135
1616855974.3830378;-31.843367596671534
1616855974.4781914;-31.548213411649506
1616855974.5732906;-31.28169358786096
1616855974.668408;-31.36319138521779
1616855974.763536;-31.35658345570237
1616855974.858632;-31.380812530592237
1616855974.9537284;-31.257464512971094
1616855975.048841;-31.341164953499728
1616855975.1439438;-31.07905041605479
1616855975.239039;-31.043808125305894
1616855975.3341527;-31.812530592266246
1616855975.4282138;-32.20680372001955
1616855975.5233057;-32.5107684777288
1616855975.6184177;-33.48433675966713
1616855975.713527;-37.5812530592266
1616855975.808657;-42.64733235438079
1616855975.9037738;-42.60327949094466
1616855975.998864;-39.49975526186977
1616855976.0939689;-34.325746451297086
1616855976.1890826;-35.71341164953497
1616855976.284169;-42.32134116495347
1616855976.3792315;-47.96010768477726
1616855976.4743018;-46.44468918257461
1616855976.5694017;-41.12750856583453
1616855976.6645494;-38.625305922662726
1616855976.7596304;-37.44248653940281
1616855976.8547242;-37.64512971120898
1616855976.9498122;-37.53499755261867
1616855977.04486;-35.598874204601046
1616855977.1399543;-35.675966715614265
1616855977.2350447;-35.13411649534995
1616855977.3302124;-34.49534997552616
1616855977.4252543;-35.5834557023984
1616855977.5203948;-37.16275085658343
1616855977.6155255;-37.14072442486537
1616855977.7105896;-34.398433675966686
1616855977.8055706;-32.7618697993147
1616855977.9007108;-33.38301517376404
1616855977.9958313;-34.22001957905039
1616855978.0909042;-34.6891825746451
1616855978.1860375;-34.92486539402836
1616855978.281082;-35.46671561429268
1616855978.376115;-35.70900636319136
1616855978.4711976;-35.9028389623103
1616855978.5663595;-36.744248653940254
1616855978.6614459;-37.204601076847744
1616855978.7565362;-34.653940283896205
1616855978.8516195;-30.42706803720017
1616855978.946729;-29.77728830151735
1616855979.0417724;-29.744248653940254
1616855979.13686;-31.032794909446864
1616855979.232014;-34.64512971120898
1616855979.327112;-35.64953499755259
1616855979.4222152;-31.58786098874202
1616855979.5173175;-27.977728830151708
1616855979.6125052;-27.372001957905013
1616855979.707424;-27.52838962310325
1616855979.8025343;-30.4380812530592
1616855979.8977141;-36.755261869799284
1616855979.9928877;-38.19579050416052
1616855980.087847;-37.52398433675964
1616855980.182946;-36.164953499755235
1616855980.278045;-35.493147332354354
1616855980.3730667;-36.303720019579025
1616855980.4681692;-34.71341164953497
1616855980.5633168;-31.81473323543805
1616855980.658369;-29.887420460107656
1616855980.7534645;-30.019579050416027
1616855980.8486142;-35.07023984336757
1616855980.943711;-34.98874204601074
1616855981.0388136;-34.59226627508563
1616855981.1339118;-33.60768477728827
1616855981.2290416;-32.226627508565805
1616855981.324061;-28.076847772882985
1616855981.4191499;-25.16715614292704
1616855981.5142953;-23.67376407244246
1616855981.609403;-20.543808125305894
1616855981.704492;-16.995349975526157
1616855981.7995515;-12.18477728830149
1616855981.8946645;-5.261869799314705
1616855981.9897528;2.1368086147822116
1616855982.0847926;10.335046500244767
1616855982.1799128;23.788790993636837
1616855982.2750435;36.61037689672054
1616855982.3701677;46.491434165443
1616855982.4652362;53.251346059716134
1616855982.5603554;72.0222711698483
1616855982.6553679;101.31302006852671
1616855982.7504978;125.17425354870292
1616855982.8455818;194.51786588350467
1616855982.9407678;284.64782183064125
1616855983.0358446;394.0002447381302
1616855983.1309314;498.0905531081743
1616855983.2260733;537.89011257954
1616855983.3222554;570.7425354870289
1616855983.4173968;594.5927557513461
1616855983.5124402;610.1324033284386
1616855983.6075761;607.1632403328439
1616855983.702631;595.8240332843858
1616855983.797889;582.4539892315223
1616855983.892921;592.4187469407734
1616855983.9879851;592.5354870288792
1616855984.0830154;581.5971610376897
1616855984.1783025;536.4517865883505
1616855984.2733378;497.7447381302007
1616855984.3684752;458.1984826235928
1616855984.4635837;395.7777777777778
1616855984.558626;330.3923152227117
1616855984.6538749;262.79099363680865
1616855984.748956;218.36147821830644
1616855984.8440945;184.6720509055311
1616855984.9392037;161.11698482623595
1616855985.0342016;130.53548702887912
1616855985.1294231;91.25134605971613
1616855985.2245483;63.71390112579543
1616855985.31967;50.4187469407734
1616855985.414732;33.13901125795402
1616855985.509901;10.716103768967233
1616855985.6048799;-10.237640724424837
1616855985.700135;-28.004160548213385
1616855985.7952328;-43.36319138521779
1616855985.8903925;-51.38301517376404
1616855985.985454;-51.62750856583453
1616855986.0804915;-49.46891825746449
1616855986.17569;-51.048213411649506
1616855986.270862;-55.10327949094466
1616855986.3659472;-58.803720019579025
1616855986.461112;-57.92486539402836
1616855986.5560665;-56.09226627508563
1616855986.6502056;-57.30151737640722
1616855986.745173;-59.86098874204598
1616855986.8402798;-66.20900636319136
1616855986.9353573;-69.74204601076845
1616855987.0304534;-70.83015173764069
1616855987.1255317;-70.82574645129708
1616855987.2206295;-66.70239843367594
1616855987.3157797;-65.59446891825743
1616855987.4109457;-67.91825746451295
1616855987.50598;-68.65173764072439
1616855987.6010754;-67.45349975526184
1616855987.6961198;-62.78609887420457
1616855987.7912161;-61.14072442486537
1616855987.8863695;-61.23103279490942
1616855987.98149;-61.35217816935876
1616855988.0765698;-61.41385217816933
1616855988.1717036;-61.44468918257461
1616855988.2667186;-61.56803720019576
1616855988.3617718;-61.77508565834554
1616855988.4568677;-61.90063631913849
1616855988.5519452;-62.45570239843365
1616855988.647073;-64.85438081253056
1616855988.74218;-67.60107684777286
1616855988.838461;-65.1913852178169
1616855988.9335332;-61.986539402838936
1616855989.0285308;-61.636319138521756
1616855989.123704;-61.75746451297109
1616855989.2187886;-61.997552618697966
1616855989.3139303;-63.303720019579025
1616855989.409118;-64.55261869799313
1616855989.5040698;-65.01737640724421
1616855989.599296;-66.88081253059224
1616855989.6943998;-67.77288301517373
1616855989.7895591;-72.52398433675964
1616855989.8847232;-72.27728830151734
1616855989.979653;-67.66495349975523
1616855990.0748925;-65.83896231032791
1616855990.170028;-68.03279490944686
1616855990.265088;-69.28830151737638
1616855990.360216;-70.15173764072439
1616855990.455214;-70.77949094468916
1616855990.5504656;-71.22883015173761
1616855990.6455104;-71.75526186979928
1616855990.7406938;-72.38962310327946
1616855990.8357644;-72.82574645129708
1616855990.9308186;-73.24865394028387
1616855991.026025;-73.03279490944686
1616855991.1211934;-69.44909446891823
1616855991.2162552;-66.03940283896229
1616855991.3114548;-69.59667156142925
1616855991.4065423;-72.28169358786096
1616855991.5015683;-72.66715614292704
1616855991.5967374;-71.5460107684777
1616855991.6919127;-68.77728830151734
1616855991.7870057;-67.82134116495347
1616855991.8820763;-68.38742046010766
1616855991.9770606;-68.9028389623103
1616855992.072277;-69.58565834557021
1616855992.1662962;-70.59446891825743
1616855992.2614183;-71.60768477728827
1616855992.3564427;-71.21341164953498
1616855992.4515538;-64.94028389623101
1616855992.5466397;-62.92927068037197
1616855992.6417427;-67.84116495349973
1616855992.736898;-69.34116495349973
1616855992.831994;-66.63191385217814
1616855992.9270823;-68.80812530592263
1616855993.0222142;-69.17816935878606
1616855993.1172824;-65.81032794909444
1616855993.212318;-62.12971120900634
1616855993.3074343;-63.57023984336757
1616855993.402502;-70.4777288301517
1616855993.497645;-73.2222222222222
1616855993.5927494;-73.07464512971119
1616855993.6878335;-73.17596671561427
1616855993.7829187;-73.17596671561427
1616855993.8779542;-73.14072442486537
1616855993.973047;-71.83896231032791
1616855994.0681517;-58.9733235438081
1616855994.1633055;-62.42486539402836
1616855994.2584026;-73.76186979931471
1616855994.3534927;-74.47332354380809
1616855994.4486551;-74.38081253059224
1616855994.5447845;-74.48213411649532
1616855994.6400466;-74.60768477728827
1616855994.7350214;-74.61209006363188
1616855994.83001;-74.52838962310325
1616855994.9252055;-74.53720019579048
1616855995.0204384;-74.71120900636316
1616855995.1154127;-74.5107684777288
1616855995.2105868;-74.6539402838962
1616855995.3055131;-68.89623103279489
1616855995.4007592;-43.916054821341135
1616855995.4958744;-64.17376407244245
1616855995.590973;-76.24204601076845
1616855995.6860964;-76.42927068037197
1616855995.7811146;-76.35658345570236
1616855995.8763318;-76.31693587860985
1616855995.971459;-76.28830151737638
1616855996.0665681;-76.44468918257462
1616855996.1617103;-76.5790504160548
1616855996.256776;-76.69799314733233
1616855996.3518274;-76.7574645129711
1616855996.447044;-76.75085658345567
1616855996.5421827;-76.71781693587859
1616855996.637269;-76.66715614292704
1616855996.7324505;-76.70460107684774
1616855996.8273737;-76.70019579050413
1616855996.922571;-76.80372001957902
1616855997.0176973;-76.81913852178167
1616855997.1127582;-76.82574645129708
1616855997.2078981;-76.69799314733233
1616855997.3029146;-76.23764072442484
1616855997.3981462;-75.78389623103277
1616855997.4932468;-75.6164953499755
1616855997.5883744;-75.54160548213409
1616855997.683482;-75.68037200195788
1616855997.7785866;-75.69799314733233
1616855997.872664;-75.60768477728827
1616855997.967771;-75.42266275085656
1616855998.0628846;-75.26627508565832
1616855998.1579058;-75.4358786098874
1616855998.2529743;-75.45790504160546
1616855998.3480763;-75.41605482134113
1616855998.4431627;-75.37640724424863
1616855998.538263;-75.35217816935875
1616855998.6333573;-75.26186979931471
1616855998.7284355;-75.20019579050413
1616855998.8235998;-75.21561429270677
1616855998.9186788;-75.3345570239843
1616855999.0137784;-75.37640724424863
1616855999.1088617;-75.44028389623101
1616855999.203899;-75.48213411649532
1616855999.298988;-75.58565834557021
1616855999.3940985;-75.49094468918254
1616855999.489237;-75.48213411649532
1616855999.58433;-75.5129711209006
1616855999.679476;-75.38521781693585
1616855999.774504;-75.45129711209003
1616855999.8695867;-75.52838962310325
1616855999.9646616;-75.57684777288299
1616856000.060978;-75.60988742046008
1616856000.1559546;-75.57684777288299
1616856000.251064;-75.54160548213409
1616856000.346155;-75.56803720019576
1616856000.441146;-75.63852178169356
1616856000.5362148;-75.68477728830149
1616856000.631616;-75.80592266275083
1616856000.7265844;-75.94689182574642
1616856000.8217144;-76.04160548213409
1616856000.9167864;-76.10988742046008
1616856001.0117996;-76.07244248653937
1616856001.107047;-75.33896231032791
1616856001.2021544;-74.50416054821338
1616856001.2972693;-73.8697993147332
1616856001.3923812;-73.70460107684774
1616856001.4874365;-73.84777288301514
1616856001.5825975;-73.47332354380809
