1616855422.1340146;-1.745472344591273
1616855422.229171;-1.5626529613313611
1616855422.3243413;-1.2542829172784977
1616855422.4195776;-1.4459128732256343
1616855422.5147364;-1.611111111111097
1616855422.6098933;-1.3666177190406124
1616855422.7050343;-0.9899657366617577
1616855422.800233;-1.007586882036207
1616855422.8953915;-1.0516397454723303
1616855422.9906843;-1.0648556045031674
1616855423.0858119;-0.901860009789511
1616855423.1809423;-0.8379833578071321
1616855423.2761939;-0.5714635340185859
1616855423.3713803;-0.45252080274105283
1616855423.4665236;-0.5296133137542687
1616855423.5617006;-0.5978952520802598
1616855423.6569364;-0.6353401860009648
1616855423.752104;-0.573666177190392
1616855423.8472972;-0.6926089084679251
1616855423.94246;-0.6375428291727708
1616855424.0376012;1.2589329417523392
1616855424.1328034;3.3051884483602687
1616855424.2279465;2.9109153206069647
1616855424.323127;2.545276554087141
1616855424.418337;2.4483602545276697
1616855424.5135016;2.3954968184043217
1616855424.608683;2.3690651003426475
1616855424.7038765;2.192853646598154
1616855424.7990613;2.0496818404307535
1616855424.8942523;3.7655408712677576
1616855424.9894304;7.452765540871282
1616855425.084637;8.371267743514453
1616855425.1798553;8.342633382280974
1616855425.275008;8.452765540871281
1616855425.3702078;8.93073910915322
1616855425.4653666;5.532060695056304
1616855425.5605714;-0.547234459128718
1616855425.6557245;-7.763093489965723
1616855425.7509203;-10.348996573666163
1616855425.8461587;-8.133137542829159
1616855425.941325;-8.192608908467925
1616855426.0365136;-8.203622124326955
1616855426.1317213;-8.166177190406252
1616855426.2268832;-8.124326970141935
1616855426.3220918;-7.950318159569247
1616855426.417255;-7.690406265296119
1616855426.512405;-7.652961331375414
1616855426.607613;-7.688203622124313
1616855426.7027822;-7.59789525208026
1616855426.798012;-7.633137542829158
1616855426.8931842;-7.139745472344577
1616855426.9883773;-7.135340186000965
1616855427.0835502;-7.249877630934885
1616855427.1786828;-6.910670582476736
1616855427.273893;-6.7895252080273965
1616855427.3690321;-7.234459128732242
1616855427.4642262;-7.441507586882022
1616855427.5593908;-7.5406265296132995
1616855427.65459;-7.582476749877617
1616855427.7497973;-7.644150758688189
1616855427.8449652;-7.650758688203608
1616855427.9401422;-7.602300538423872
1616855428.0353484;-7.410670582476736
1616855428.1305196;-7.415075868820348
1616855428.2257004;-7.5053842388644005
1616855428.3208578;-7.531815956926075
1616855428.4160914;-7.705824767498762
1616855428.5112834;-7.923886441507572
1616855428.6065302;-8.018600097895238
1616855428.7015982;-8.102300538423872
1616855428.7967565;-8.016397454723432
1616855428.8920135;-7.463534018600083
1616855428.9871671;-7.210230053842374
1616855429.08237;-7.269701419481141
1616855429.1775687;-7.307146353401846
1616855429.2726643;-7.274106705824753
1616855429.367823;-7.263093489965723
1616855429.4629967;-7.20141948115515
1616855429.5581856;-7.459128732256471
1616855429.6533704;-7.606705824767484
1616855429.748552;-7.500978952520788
1616855429.8437357;-7.573666177190392
1616855429.9389338;-7.635340186000965
1616855430.03412;-7.368820362212419
1616855430.1292944;-7.208027410670568
1616855430.2245073;-7.395252080274092
1616855430.3196836;-7.1463534018599955
1616855430.4148555;-7.016397454723432
1616855430.510059;-7.280714635340172
1616855430.6052186;-7.406265296133124
1616855430.7004037;-7.172785119921669
1616855430.7955751;-7.053842388644137
1616855430.8907497;-7.181595692608894
1616855430.9859362;-7.133137542829158
1616855431.0811021;-6.879833578071449
1616855431.1762998;-6.910670582476736
1616855431.271478;-7.0053842388644005
1616855431.3666835;-7.241067058247661
1616855431.4618788;-7.388644150758674
1616855431.557125;-7.278511992168365
1616855431.6522899;-7.210230053842374
1616855431.7474754;-6.875428291727837
1616855431.8426964;-6.507586882036207
1616855431.9378679;-5.844591287322551
1616855432.033047;-5.774106705824753
1616855432.1282067;-6.423886441507572
1616855432.2233636;-6.3974547234458985
1616855432.3185458;-6.282917278511978
1616855432.4137769;-6.1463534018599955
1616855432.5089085;-6.049437102300524
1616855432.6040838;-6.309348996573652
1616855432.69926;-6.256485560450304
1616855432.7945023;-6.095692608908454
1616855432.8897104;-6.474547234459115
1616855432.9849634;-6.734459128732242
1616855433.0800645;-6.807146353401846
1616855433.1752458;-7.1485560450318015
1616855433.2704043;-7.393049437102286
1616855433.3655634;-7.307146353401846
1616855433.460817;-7.122124326970128
1616855433.5560198;-6.9348996573666035
1616855433.6523201;-7.029613313754268
1616855433.7474475;-7.045031815956912
1616855433.842513;-6.976749877630921
1616855433.9378428;8828.606950562898
1616855434.3612008;-6.100097895252066
1616855434.4562821;-6.080274106705811
1616855434.5515344;-6.371023005384225
1616855434.6468456;-6.4723445912873085
1616855434.7420282;-6.302741067058234
1616855434.837252;-6.080274106705811
1616855434.9324539;-5.736661771904048
1616855435.0275602;-5.661771904062639
1616855435.1227214;-5.8269701419481015
1616855435.2179346;-5.954723445912859
1616855435.3131337;-5.906265296133124
1616855435.408344;-5.853401860009775
1616855435.503562;-5.954723445912859
1616855435.5987546;-6.075868820362198
1616855435.6939611;-6.190406265296119
1616855435.7891448;-6.089084679393035
1616855435.8843622;-6.056045031815943
1616855435.9795623;-5.974547234459115
1616855436.0747857;-5.78732256485559
1616855436.1700103;-5.725648556045018
1616855436.265183;-5.8622124326969995
1616855436.3604224;-5.915075868820348
1616855436.4556274;-5.877630934899643
1616855436.55087;-5.871023005384225
1616855436.6460385;-5.963534018600083
1616855436.7412598;-5.840186000978938
1616855436.8364577;-4.899657366617705
1616855436.9317138;-4.371023005384225
1616855437.0258608;-4.837983357807132
1616855437.1210632;-5.0031815956925945
1616855437.2162988;-4.855604503181581
1616855437.3114862;-4.7212432697014055
1616855437.4066043;-4.796133137542815
1616855437.50178;-4.796133137542815
1616855437.5970194;-4.710230053842374
1616855437.6921933;-4.7917278511992025
1616855437.787366;-4.983357807146339
1616855437.8825061;-4.8269701419481015
1616855437.9776857;-4.785119921683784
1616855438.0728621;-4.895252080274092
1616855438.1681187;-4.796133137542815
1616855438.2633004;-4.714635340185986
1616855438.358478;-4.520802741067044
1616855438.4536102;-4.668379833578057
1616855438.5488007;-4.454723445912859
1616855438.6440294;-4.450318159569247
1616855438.7391577;-4.771904062652947
1616855438.8343525;-4.7212432697014055
1616855438.9295328;-4.6133137542829035
1616855439.024708;-4.78732256485559
1616855439.1199389;-4.820362212432682
1616855439.2151115;-4.697014194811538
1616855439.3113234;-4.575868820362198
1616855439.4064167;-4.476749877630921
1616855439.5016375;-4.571463534018586
1616855439.596809;-4.7212432697014055
1616855439.6920128;-4.840186000978938
1616855439.7871914;-4.846793930494357
1616855439.8825023;-4.741067058247661
1616855439.9776008;-4.690406265296119
1616855440.072802;-4.785119921683784
1616855440.168007;-4.774106705824753
1616855440.2632635;-4.844591287322551
1616855440.3584545;-4.589084679393035
1616855440.453644;7.523250122369079
1616855440.5488436;29.961576113558507
1616855440.6440463;10.049681840430754
1616855440.7392678;-2.377630934899643
1616855440.8344684;-4.483357807146339
1616855440.9296489;-4.622124326970128
1616855441.0248313;-4.507586882036207
1616855441.1200593;-4.549437102300524
1616855441.215244;-4.569260890846779
1616855441.310498;-2.179393049437088
1616855441.4056656;-0.11111111111109687
1616855441.5009007;0.2016642192853789
1616855441.5960672;4.419725893294189
1616855441.691317;11.043073910915334
1616855441.7864912;2.6421928536466126
1616855441.8817275;-2.1992168379833434
1616855441.9769185;9.657611355849255
1616855442.0721297;27.675232501223704
1616855442.1673868;7.128976994615775
1616855442.262553;-1.2410670582476608
1616855442.3577259;-1.2410670582476608
1616855442.4529176;-1.2410670582476608
1616855442.5471056;-1.2939304943710088
1616855442.642301;-1.4304943710229912
1616855442.7374835;-1.4987763093489823
1616855442.8326619;-1.439304943710216
1616855442.9278386;-1.2388644150758545
1616855443.0230293;-1.1595692608908326
1616855443.1182528;-1.3401860009789384
1616855443.2133956;-1.6000978952520661
1616855443.3085847;-1.7146353401859866
1616855443.403774;-1.7542829172784977
1616855443.498932;-1.666177190406251
1616855443.5941207;-1.5692608908467798
1616855443.689288;-1.4326970141947972
1616855443.7844644;-1.2873225648555902
1616855443.8796296;-1.3710230053842247
1616855443.9747918;-1.7674987763093348
1616855444.0700257;-1.6771904062652818
1616855444.165161;-1.534018600097881
1616855444.2603714;-1.7674987763093348
1616855444.3555124;-2.071463534018586
1616855444.450704;-2.219040626529599
1616855444.5458746;-2.271904062652947
1616855444.6410575;-2.15516397454722
1616855444.7362604;-1.9767498776309207
1616855444.8314822;-2.2388644150758545
1616855444.9266603;-2.320362212432683
1616855445.0217826;-2.058247674987749
1616855445.116963;-2.1860009789525066
1616855445.2121384;-1.8401860009789384
1616855445.307413;-1.7124326970141805
1616855445.4025776;-1.7763093489965593
1616855445.4977965;-1.785119921683784
1616855445.5929332;-1.9481155163974404
1616855445.688047;-1.9304943710229912
1616855445.7832825;-1.9216837983357664
1616855445.878464;-1.8996573666177048
1616855445.97358;-1.7300538423886298
1616855446.0687199;-1.8181595692608765
1616855446.1638951;-1.8313754282917136
1616855446.259076;-1.8005384238864273
1616855446.3542717;-1.939304943710216
1616855446.449457;-2.1463534018599955
1616855446.5446312;-2.2366617719040485
1616855446.6398318;-1.8776309348996432
1616855446.7349963;-1.7366617719040485
1616855446.8302114;-1.6353401860009646
1616855446.9253511;-1.690406265296119
1616855447.0205975;-1.9833578071463391
1616855447.1157966;-2.1353401860009646
1616855447.2109716;-2.1375428291727707
1616855447.3061454;-2.2873225648555904
1616855447.4012637;-2.5538423886441364
1616855447.4964397;-2.7234459128732116
1616855447.5916088;-2.5934899657366475
1616855447.6868362;-2.3291727851199076
1616855447.7819693;-2.320362212432683
1616855447.8771424;-2.401860009789511
1616855447.972327;-2.518600097895238
1616855448.0674992;-2.5009789525207884
1616855448.1627548;-2.1749877630934757
1616855448.257885;-2.152961331375414
1616855448.3530593;-2.3269701419481015
1616855448.448238;-2.3027410670582333
1616855448.5434155;-2.267498776309335
1616855448.6386247;-2.3710230053842247
1616855448.7338028;-2.2388644150758545
1616855448.8289587;-2.203622124326956
1616855448.9241524;-2.313754282917264
1616855449.0193653;-2.307146353401846
1616855449.114517;-2.3423886441507444
1616855449.2096722;-1.9613313754282775
1616855449.304847;-1.9899657366617576
1616855449.4000592;-2.3159569260890702
1616855449.495198;-2.311551639745458
1616855449.5904016;-2.1419481155163833
1616855449.6855805;-2.1882036221243126
1616855449.7808356;-2.3005384238864273
1616855449.8759918;-2.282917278511978
1616855449.971121;-2.320362212432683
1616855450.0663645;-2.3313754282917136
1616855450.161621;-2.2917278511992025
1616855450.2566788;-2.192608908467925
1616855450.3518817;-2.1573666177190263
1616855450.447077;-2.0692608908467798
1616855450.5433576;-1.89084679393048
1616855450.6385238;-1.1419481155163833
1616855450.7337158;-0.8710230053842246
1616855450.8288717;-2.547234459128718
1616855450.9239826;-3.020802741067044
1616855451.0192573;-3.0670582476749737
1616855451.1144226;-3.1860009789525066
1616855451.2095401;-2.3952520802740924
1616855451.3047357;0.15320606950564322
1616855451.4000008;0.8095937347038811
1616855451.4951355;0.899902104747934
1616855451.590376;0.6796377875673172
1616855451.6855526;2.386686245717097
1616855451.7807956;3.1069505628977137
1616855451.8759692;2.2721488007831763
1616855451.9712183;1.3712677435144538
1616855452.066424;1.0783162016642336
1616855452.161714;0.8910915320607093
1616855452.2568645;0.6972589329417666
1616855452.3519864;0.6091532060695198
1616855452.4471858;0.7853646598140133
1616855452.542378;0.5298580518844979
1616855452.637563;0.1289769946157754
1616855452.7327368;-0.045031815956911844
1616855452.8279374;-0.2366617719040484
1616855452.9231324;0.003426333822823839
1616855453.018362;0.3228095937347181
1616855453.1135197;0.6003426333822952
1616855453.208714;0.17963778756731724
1616855453.303921;-0.9921683798335639
1616855453.399125;-2.7410670582476606
1616855453.4943657;-2.511992168379819
1616855453.5895374;-2.3379833578071323
1616855453.684769;-2.150758688203608
1616855453.7789125;-2.6375428291727707
1616855453.8741064;-3.12652961331374
1616855453.969297;-1.8467939304943568
1616855454.0644505;1.5122369065100485
1616855454.1596317;2.139990210474806
1616855454.2548678;1.9219285364659957
1616855454.3500643;1.6928536465981543
1616855454.4451597;1.688448360254542
1616855454.5404115;1.7611355849241455
1616855454.635576;1.8206069505629119
1616855454.7308083;1.743514439549696
1616855454.8259404;1.4902104747919869
1616855454.921119;0.5232501223690793
1616855455.0162675;-1.3313754282917136
1616855455.1114526;-1.939304943710216
1616855455.2066786;-3.3379833578071323
1616855455.3018641;-4.091287322564841
1616855455.3970225;-4.029613313754268
1616855455.4922638;-3.9371023005384096
1616855455.5874343;-3.5141948115516257
1616855455.6826038;-4.1111111111110965
1616855455.7777739;-6.163974547234445
1616855455.872946;-6.670582476749863
1616855455.968066;-6.6111111111110965
1616855456.0633597;-6.6837983357807005
1616855456.1584656;-6.941507586882022
1616855456.253641;-7.016397454723432
1616855456.348783;-7.062652961331361
1616855456.443964;-7.130934899657352
1616855456.5391204;-7.197014194811538
1616855456.6344483;-7.33357807146352
1616855456.7295318;-7.247674987763079
1616855456.8246498;-7.3291727851199076
1616855456.9198248;-7.351199216837969
1616855457.0149927;-7.219040626529599
1616855457.1101842;-7.271904062652947
1616855457.205351;-7.368820362212419
1616855457.3005412;-7.567058247674973
1616855457.3956916;-7.617719040626516
1616855457.4908667;-7.351199216837969
1616855457.586053;-7.300538423886427
1616855457.681209;-7.2895252080273965
1616855457.7763724;-7.357807146353387
1616855457.8715444;-7.40846793930493
1616855457.9667335;-7.379833578071449
1616855458.0619512;-7.243269701419467
1616855458.157083;-7.177190406265282
1616855458.2522593;-7.106705824767484
1616855458.3474443;-7.293930494371009
1616855458.442622;-7.727851199216824
1616855458.5377927;-7.793930494371009
1616855458.6329863;-7.703622124326956
1616855458.7281775;-8.141948115516383
1616855458.8233476;-8.190406265296119
1616855458.9185123;-7.893049437102286
1616855459.0136888;-7.674987763093475
1616855459.1088605;-7.741067058247661
1616855459.2040346;-7.9723445912873085
1616855459.2992365;-8.130934899657353
1616855459.394464;-8.014194811551626
1616855459.4896305;-7.558247674987749
1616855459.5847335;-7.2212432697014055
1616855459.6799788;-5.93710230053841
1616855459.7751513;-5.52300538423885
1616855459.870336;-5.410670582476736
1616855459.9655051;-4.950318159569247
1616855460.060708;-4.635340186000965
1616855460.1558619;-4.778511992168365
1616855460.251039;-5.186000978952507
1616855460.3462207;-5.80494371023004
1616855460.4413702;-6.857807146353387
1616855460.5365324;-7.974547234459115
1616855460.6317706;-8.331375428291713
1616855460.7269273;-8.441507586882022
1616855460.8221025;-8.199216837983343
1616855460.9172766;-7.351199216837969
1616855461.0123856;-7.622124326970128
1616855461.107584;-7.144150758688189
1616855461.202724;-6.83357807146352
1616855461.2979088;-6.025208027410656
1616855461.393093;-5.769701419481141
1616855461.4882605;-3.600097895252066
1616855461.5834556;-5.412873225648542
1616855461.6786942;-6.141948115516383
1616855461.7738256;-6.179393049437088
1616855461.8689747;-6.518600097895238
1616855461.964136;-6.774106705824753
1616855462.0593276;-6.500978952520788
1616855462.1545043;-6.4326970141947974
1616855462.2497375;-5.9701419481155025
1616855462.3448598;-6.500978952520788
1616855462.4400363;-5.725648556045018
1616855462.535189;-7.857807146353387
1616855462.6303895;-8.152961331375414
1616855462.7255666;-7.917278511992154
1616855462.8208032;-4.547234459128718
1616855462.915966;-2.1441507586881894
1616855463.0111325;-7.086882036221229
1616855463.1063366;-3.602300538423872
1616855463.2014773;-4.051639745472331
1616855463.296638;-6.278511992168365
1616855463.3918839;-7.688203622124313
1616855463.487075;-7.679393049437088
1616855463.5822272;-6.703622124326956
1616855463.6774235;-6.181595692608894
1616855463.7725675;-6.007586882036207
1616855463.867726;-2.1573666177190263
1616855463.96289;-3.0362212432696873
1616855464.0580602;-4.139745472344577
1616855464.1532357;-5.000978952520788
1616855464.2484102;-5.168379833578057
1616855464.343582;-5.498776309348982
1616855464.4387586;-6.016397454723432
1616855464.533915;-6.426089084679379
1616855464.6291013;-6.02300538423885
1616855464.7242749;-4.093489965736648
1616855464.8194458;-5.130934899657352
1616855464.9146466;-5.956926089084665
1616855465.0098264;-6.441507586882022
1616855465.1049905;-6.586882036221229
1616855465.2001755;-6.7168379833577925
1616855465.2953331;-6.745472344591273
1616855465.390541;-6.923886441507572
1616855465.4857123;-6.983357807146339
1616855465.5808973;-7.104503181595678
1616855465.676102;-7.205824767498762
1616855465.7713099;-7.172785119921669
1616855465.8664095;-7.20141948115515
1616855465.961593;-7.30494371023004
1616855466.0567656;-7.527410670582462
1616855466.1519885;-7.710230053842374
1616855466.2471502;-7.851199216837969
1616855466.342322;-8.029613313754268
1616855466.437449;-8.190406265296119
1616855466.5326383;-8.104503181595678
1616855466.6278682;-7.868820362212419
1616855466.7230392;-7.981155163974533
1616855466.81823;-8.382036221243256
1616855466.9134078;-8.073666177190391
1616855467.0085373;-3.5296133137542687
1616855467.1037064;9.43073910915322
1616855467.1989515;5.095937347038683
1616855467.2952938;-6.639745472344577
1616855467.3903677;-8.263093489965723
1616855467.4855027;-7.232256485560436
1616855467.5807388;-5.157366617719027
1616855467.675864;-1.4260890846793788
1616855467.7711024;-4.796133137542815
1616855467.8663592;-6.091287322564841
1616855467.9614744;-4.346793930494357
1616855468.0566382;-2.056045031815943
1616855468.151855;3.622369065100357
1616855468.2470272;-0.6199216837983216
1616855468.3422322;-4.998776309348982
1616855468.437418;5.470386686245732
1616855468.5326104;7.24131179637789
1616855468.6278083;-3.703622124326956
1616855468.723;-5.320362212432682
1616855468.818234;1.6047479197259076
1616855468.9134402;-0.21904062652959908
1616855469.0086157;-3.3269701419481015
1616855469.1038432;-4.589084679393035
1616855469.1990216;-5.800538423886427
1616855469.294219;-6.483357807146339
1616855469.3894188;-4.038423886441493
1616855469.4845974;-4.249877630934885
1616855469.5798085;-6.053842388644137
1616855469.6749773;-5.866617719040613
1616855469.7702127;-4.886441507586868
1616855469.8653598;4.728095937347053
1616855469.9605913;7.593734703866876
1616855470.055771;-4.179393049437088
1616855470.1510856;-6.3644150758688065
1616855470.2461922;-2.3974547234458985
1616855470.3414044;2.6311796377875813
1616855470.4365778;-4.3291727851199076
1616855470.5318434;-6.520802741067044
1616855470.6259117;-7.12652961331374
1616855470.7210953;-5.763093489965723
1616855470.8162823;3.7589329417523394
1616855470.9115224;3.6818404307391233
1616855471.0066512;-4.606705824767484
1616855471.101812;-2.954723445912859
1616855471.197028;-3.073666177190392
1616855471.292221;-5.252080274106691
1616855471.3873699;-1.5934899657366475
1616855471.4825604;8.219285364659829
1616855471.5776906;10.228095937347053
1616855471.6729305;-1.8335780714635197
1616855471.7681134;-6.30494371023004
1616855471.863277;0.9505628976994758
1616855471.9584482;7.397699461576128
1616855472.0535827;1.2214880078316344
1616855472.1487782;-6.734459128732242
1616855472.2440171;-7.39084679393048
1616855472.3391757;-7.309348996573652
1616855472.434333;-7.311551639745458
1616855472.5295146;-7.274106705824753
1616855472.6246078;-7.225648556045018
1616855472.7198675;-7.267498776309335
1616855472.8150148;-7.298335780714621
1616855472.9102535;-7.346793930494357
1616855473.005335;-7.474547234459115
1616855473.100464;-7.582476749877617
1616855473.1955972;-7.2917278511992025
1616855473.290766;-0.43489965736660346
1616855473.3859174;10.624571708272162
1616855473.481163;1.217082721488022
1616855473.5762796;-5.866617719040613
1616855473.6714346;-3.928291727851185
1616855473.7666137;6.5298580518844975
1616855473.8618162;1.3690651003426477
1616855473.9569838;-1.1485560450318018
1616855474.0521374;6.915320606950577
1616855474.1473112;-2.719040626529599
1616855474.24249;-6.467939304943696
1616855474.3376508;-6.135340186000965
1616855474.4328253;-6.377630934899643
1616855474.5279872;-0.8115516397454581
1616855474.623142;7.302985805188462
1616855474.7183135;-4.318159569260876
1616855474.8134866;-10.42608908467938
1616855474.9086518;-9.635340186000965
1616855475.00383;-7.260890846793917
1616855475.0990262;-5.842388644150745
1616855475.1941838;-5.7168379833577925
1616855475.2893739;-5.705824767498762
1616855475.3845253;-5.771904062652947
1616855475.4796996;-2.8556045031815813
1616855475.5748878;5.9219285364659955
1616855475.6700683;-1.4657366617718899
1616855475.7652175;-3.0428291727851056
1616855475.8604069;8.822809593734718
1616855475.9555528;4.153206069505643
1616855476.0507445;-6.09789525208026
1616855476.1458993;-7.1837983357807005
1616855476.2410614;-5.307146353401846
1616855476.336235;-3.221243269701405
1616855476.4313989;2.6532060695056434
1616855476.5265822;3.2765540871267884
1616855476.6217597;11.37347038668626
1616855476.7169175;13.556289769946172
1616855476.8120923;3.8778756730298722
1616855476.907264;-0.29613313754281495
1616855477.0024414;-1.2652961331375285
1616855477.0976093;-2.4503181595692465
1616855477.192806;-3.1419481155163833
1616855477.2880373;-2.75868820362211
1616855477.3832164;0.5166421928536609
1616855477.4783509;-0.2851199216837841
1616855477.5734863;-1.7520802741066916
1616855477.668695;2.098139990210489
1616855477.7638562;9.615761135584938
1616855477.8590467;1.3250122369065243
1616855477.9541695;-3.060450318159555
1616855478.049325;-3.163974547234445
1616855478.144489;-3.219040626529599
1616855478.239666;-2.7939304943710086
1616855478.334842;-2.6287322564855464
1616855478.4300492;-0.875428291727837
1616855478.526369;-0.04943710230052418
1616855478.6215;1.6796377875673172
1616855478.7166295;1.9813999021047621
1616855478.8118608;0.11576113558493838
1616855478.9070477;0.9813999021047621
1616855479.0022264;-1.7366617719040485
1616855479.0975049;-0.45031815956924665
1616855479.1926124;-2.1970141948115374
1616855479.2878067;-2.9459128732256343
1616855479.3829873;1.082721488007846
1616855479.4781888;5.058492413117978
1616855479.5733602;4.690651003426348
1616855479.6685402;6.765540871267758
1616855479.7637298;5.58051884483604
1616855479.8589432;-0.2564855604503039
1616855479.9541428;-2.9326970141947974
1616855480.049345;-2.9833578071463394
1616855480.1445518;-2.9437102300538283
1616855480.239735;-3.073666177190392
1616855480.3349302;-3.100097895252066
1616855480.4302943;-2.562652961331361
1616855480.525333;-1.034018600097881
1616855480.6205683;-2.256485560450304
1616855480.715716;-0.3930494371022863
1616855480.810956;-0.44150758688202196
1616855480.9061236;0.3426333822809736
1616855481.0013196;6.39109153206071
1616855481.0965002;3.1576113558492556
1616855481.1917164;-2.820362212432683
1616855481.2868733;0.6179637787567446
1616855481.382069;1.4769946157611498
1616855481.4772646;-2.203622124326956
1616855481.5724835;-0.6067058247674846
1616855481.6676767;-0.9877630934899515
1616855481.762866;2.87347038668626
1616855481.8569863;-1.3952520802740924
1616855481.9521718;-2.1970141948115374
1616855482.0473528;1.5166421928536609
1616855482.142597;6.827214880078331
1616855482.237809;15.743514439549696
1616855482.3329701;22.593734703866875
1616855482.4280787;32.53866862457172
1616855482.5232558;33.558492413117975
1616855482.6184025;36.22589329417524
1616855482.7135537;44.93954968184045
1616855482.8087218;63.88448360254529
1616855482.9038885;94.79197258932943
1616855482.9990983;118.0298580518845
1616855483.0942366;156.54307391091533
1616855483.1894028;183.01664219285365
1616855483.2845707;206.3844836025453
1616855483.3797457;236.01664219285365
1616855483.474911;236.32941752325013
1616855483.5702136;177.53206069505632
1616855483.66527;123.09373470386687
1616855483.7604554;135.93073910915322
1616855483.8556104;179.40651003426336
1616855483.9508264;179.14880078316205
1616855484.04604;114.77655408712678
1616855484.1412733;103.09153206069507
1616855484.2375042;125.29637787567304
1616855484.3329015;117.86025452765543
1616855484.4278772;84.75232501223692
1616855484.522952;64.55408712677436
1616855484.618234;66.31179637787568
1616855484.7135184;62.44175232501225
1616855484.8085804;46.37126774351445
1616855484.9037712;35.036465981399914
1616855484.99901;30.91972589329419
1616855485.0940776;27.355849241311812
1616855485.189365;23.941752325012253
1616855485.2845635;22.67082721488009
1616855485.3797667;26.457170827214895
1616855485.4749355;26.265540871267756
1616855485.5701716;31.09593734703868
1616855485.6652849;29.778756730298596
1616855485.760522;26.490210474791986
1616855485.8557806;18.560695056289784
1616855485.950982;7.39109153206071
1616855486.046181;5.510034263338242
1616855486.1413808;14.135584924131194
1616855486.2364345;18.26994615761137
1616855486.3316834;6.965981399902119
1616855486.4269164;-3.0516397454723303
1616855486.5221326;-4.81595692608907
1616855486.6172352;-5.635340186000965
1616855486.712412;-5.974547234459115
1616855486.807605;-5.93710230053841
1616855486.9027998;-3.0846793930494227
1616855486.997986;-3.0406265296132995
1616855487.0931907;1.9747919725893437
1616855487.1883593;-0.9238864415075726
1616855487.2836308;-5.763093489965723
1616855487.378781;-6.170582476749863
1616855487.4739735;-8.14415075868819
1616855487.5680642;-7.430494371022991
1616855487.6632314;-7.679393049437088
1616855487.7584229;-8.009789525208014
1616855487.8535948;-4.016397454723432
1616855487.9487526;-3.23005384238863
1616855488.0439289;0.6840430739109296
1616855488.139088;-3.9877630934899515
1616855488.234268;-0.9635340186000837
1616855488.3294303;5.450562897699476
1616855488.4246085;-1.2124326970141805
1616855488.519815;-7.655163974547221
1616855488.6149526;-3.221243269701405
1616855488.7101476;-3.1331375428291586
1616855488.8053074;0.651003426333837
1616855488.9004946;6.122369065100357
1616855488.9956815;-3.0802741067058106
1616855489.0908568;-10.186000978952507
1616855489.1860287;-11.254282917278498
1616855489.2811887;-10.366617719040612
1616855489.376367;-10.221243269701406
1616855489.4715269;-12.30494371023004
1616855489.566705;-13.157366617719026
1616855489.6618674;-7.278511992168365
1616855489.757088;-3.208027410670568
1616855489.8521957;-6.992168379833564
1616855489.9473524;-4.450318159569247
1616855490.0425787;-2.441507586882022
1616855490.137704;-11.016397454723432
1616855490.2328558;-13.42608908467938
1616855490.3281095;-9.855604503181581
1616855490.4232166;-5.2917278511992025
1616855490.5183883;-12.357807146353387
1616855490.6135733;-13.846793930494357
1616855490.7087414;-9.85119921683797
1616855490.8039978;-0.036221243269687176
1616855490.8991578;-3.5934899657366475
1616855490.9943035;-7.604503181595678
1616855491.0894527;-4.985560450318145
1616855491.1845987;-12.362212432697
1616855491.2798584;-15.723445912873212
1616855491.374972;-16.08688203622123
1616855491.470169;-15.96573666177189
1616855491.5652602;-15.791727851199203
1616855491.6604197;-12.05163974547233
1616855491.7555707;-3.1573666177190263
1616855491.8507667;-9.205824767498761
1616855491.9459329;-9.456926089084666
1616855492.0410812;0.5871267743514582
1616855492.136258;2.743514439549696
1616855492.2314255;2.3558492413118106
1616855492.3266091;1.5673029858052028
1616855492.4217708;-0.5031815956925947
1616855492.5169477;-0.20802741067056824
1616855492.6121013;-5.59789525208026
1616855492.707271;-15.840186000978939
1616855492.802442;-17.547234459128717
1616855492.8976123;-16.862212432697
1616855492.9927871;-17.267498776309335
1616855493.0879407;-17.17939304943709
1616855493.1831014;-15.912873225648541
1616855493.2782667;-16.485560450318147
1616855493.3734426;-16.646353401859997
1616855493.4686158;-13.545031815956913
1616855493.5637946;-2.6331375428291586
1616855493.6589613;-1.5053842388644008
1616855493.7541351;-12.811551639745458
1616855493.849313;-17.102300538423872
1616855493.9444737;-12.238864415075854
1616855494.0396903;-8.92608908467938
1616855494.134842;-10.992168379833563
1616855494.230016;-10.159569260890832
1616855494.325168;-3.5846793930494227
1616855494.4203558;1.162016642192868
1616855494.5155015;-4.732256485560436
1616855494.6106863;-10.692608908467925
1616855494.7058423;-14.536221243269686
1616855494.8010063;-15.94811551639744
1616855494.896177;-16.170582476749864
1616855494.99135;-15.212432697014181
1616855495.0865397;-14.214635340185987
1616855495.181701;-16.87322564855603
1616855495.2768693;-17.15516397454722
1616855495.3731833;-16.260890846793917
1616855495.4682822;-13.036221243269686
1616855495.563439;-8.886441507586868
1616855495.6586616;-8.567058247674973
1616855495.753838;-15.05163974547233
1616855495.8490188;-15.837983357807133
1616855495.9442892;-16.55163974547233
1616855496.0393906;-15.633137542829159
1616855496.1345868;-14.681595692608894
1616855496.2297494;-11.686000978952507
1616855496.3249447;-14.681595692608894
1616855496.4201562;-14.77630934899656
1616855496.515322;-15.122124326970127
1616855496.6105304;-17.20141948115515
1616855496.70586;-18.320362212432684
1616855496.8009675;-17.33357807146352
1616855496.896136;-8.150758688203608
1616855496.9913404;-2.2388644150758545
1616855497.086496;-9.27630934899656
1616855497.181778;-16.053842388644135
1616855497.276887;-16.681595692608894
1616855497.3721218;-13.474547234459115
1616855497.4672909;-5.170582476749863
1616855497.5624995;-3.8049437102300394
1616855497.6576831;-13.324767498776295
1616855497.752883;-11.166177190406252
1616855497.848083;-2.4326970141947974
1616855497.9432695;-3.1815956926088944
1616855498.03845;-9.514194811551626
1616855498.133656;-9.505384238864401
1616855498.2288167;-12.197014194811537
1616855498.3240113;-17.49437102300537
1616855498.4191997;-19.21683798335779
1616855498.5144024;-17.639745472344575
1616855498.6096108;-14.322564855604488
1616855498.703721;-7.785119921683784
1616855498.798924;-8.701419481155149
1616855498.8941734;-17.082476749877618
1616855498.989338;-20.895252080274094
1616855499.0845234;-19.474547234459113
1616855499.179686;-19.249877630934886
1616855499.2748013;-19.5406265296133
1616855499.3699834;-19.778511992168365
1616855499.4651675;-19.65075868820361
1616855499.56035;-19.038423886441493
1616855499.6555328;-16.646353401859997
1616855499.7506895;-20.98335780714634
1616855499.8457882;-23.65075868820361
1616855499.9409595;-25.41507586882035
1616855500.03617;-25.315956926089072
1616855500.131361;-18.99437102300537
1616855500.2264738;-10.83357807146352
1616855500.3216481;-10.102300538423872
1616855500.416872;-16.562652961331363
1616855500.5120363;-23.53401860009788
1616855500.607212;-19.34018600097894
1616855500.7024007;-23.43049437102299
1616855500.7975209;-26.771904062652947
1616855500.892697;-23.485560450318147
1616855500.987937;-18.939304943710216
1616855501.083054;-22.17939304943709
1616855501.178222;-27.659569260890834
1616855501.273334;-27.719040626529598
1616855501.3684764;-28.025208027410656
1616855501.4636195;-27.86661771904061
1616855501.5588667;-22.377630934899642
1616855501.6539702;-17.98996573666176
1616855501.749135;-26.278511992168365
1616855501.8443136;-28.741067058247662
1616855501.9394844;-28.99437102300537
1616855502.0346637;-27.90406265296132
1616855502.1298382;-22.042829172785105
1616855502.224974;-15.749877630934886
1616855502.3201826;-14.298335780714622
1616855502.415355;-22.0053842388644
1616855502.5105386;-24.40846793930493
1616855502.6056921;-24.377630934899642
1616855502.7008767;-28.688203622124313
1616855502.7960756;-29.135340186000963
1616855502.8911974;-29.106705824767484
1616855502.9864352;-24.67278511992167
1616855503.08156;-14.441507586882022
1616855503.1767123;-11.686000978952507
1616855503.2719276;-12.89084679393048
1616855503.3671234;-19.379833578071448
1616855503.4622836;-28.2917278511992
1616855503.5573955;-29.527410670582462
1616855503.6525679;-29.33357807146352
1616855503.747804;-29.20141948115515
1616855503.8429666;-29.03401860009788
1616855503.9381304;-27.992168379833565
1616855504.0333145;-21.192608908467925
1616855504.128459;-21.525208027410656
1616855504.2236795;-28.74767498776308
1616855504.318821;-28.520802741067044
1616855504.414022;-25.452520802741052
1616855504.5091732;-22.800538423886426
1616855504.6043262;-28.09789525208026
1616855504.6994336;-29.668379833578058
1616855504.7946668;-30.073666177190393
1616855504.889838;-29.846793930494357
1616855504.9850166;-28.87322564855603
1616855505.0801284;-28.434899657366604
1616855505.1752553;-28.450318159569246
1616855505.270437;-30.353401860009775
1616855505.3655884;-27.320362212432684
1616855505.4607787;-16.98335780714634
1616855505.5559258;-13.44811551639744
1616855505.6511002;-13.842388644150745
1616855505.7462823;-16.793930494371008
1616855505.8414373;-26.252080274106692
1616855505.936603;-30.516397454723432
1616855506.0317688;-31.020802741067044
1616855506.1269283;-29.963534018600082
1616855506.2220948;-21.1837983357807
1616855506.3172567;-18.674987763093476
1616855506.4124177;-28.760890846793917
1616855506.5076387;-31.934899657366604
1616855506.6027818;-32.053842388644135
1616855506.6978903;-31.91948115516396
1616855506.7930439;-32.17719040626528
1616855506.888216;-32.36882036221242
1616855506.9833636;-32.571463534018584
1616855507.0785315;-32.56705824767497
1616855507.1737554;-31.406265296133125
1616855507.2688684;-25.846793930494357
1616855507.3640354;-17.278511992168365
1616855507.4592855;-16.47895252080273
1616855507.5544667;-18.956926089084664
1616855507.649613;-26.89084679393048
1616855507.744729;-34.57366617719039
1616855507.839919;-35.2564855604503
1616855507.9351091;-34.81155163974546
1616855508.0302734;-34.353401860009775
1616855508.1254299;-27.181595692608894
1616855508.2206197;-21.485560450318147
1616855508.315745;-22.549437102300523
1616855508.4108856;-25.78071463534017
1616855508.5061028;-32.80053842388643
1616855508.6012752;-35.064855604503165
1616855508.6964257;-28.584679393049424
1616855508.791608;-24.463534018600082
1616855508.8867152;-32.69481155163973
1616855508.9818883;-35.74767498776308
1616855509.0770648;-35.71243269701418
1616855509.1722455;-35.12432697014194
1616855509.2674081;-29.342388644150745
1616855509.3625636;-24.031815956926074
1616855509.4577267;-31.44811551639744
1616855509.5528882;-35.2190406265296
1616855509.648069;-35.41727851199215
1616855509.7432172;-34.02741067058246
1616855509.8383868;-33.85780714635339
1616855509.9335413;-35.08908467939303
1616855510.0287063;-34.91727851199215
1616855510.123878;-34.01199216837982
1616855510.2190542;-32.963534018600086
1616855510.3142178;-29.708027410670567
1616855510.4093874;-34.6837983357807
1616855510.5045657;-36.17939304943709
1616855510.5997355;-35.736661771904046
1616855510.6949701;-33.404062652961315
1616855510.7901053;-31.906265296133125
1616855510.8852427;-23.170582476749864
1616855510.9804194;-17.860009789525193
1616855511.0755644;-17.992168379833565
1616855511.1708672;-19.17939304943709
1616855511.2659836;-27.600097895252066
1616855511.36111;-35.082476749877614
1616855511.456284;-29.87322564855603
1616855511.5513961;-29.245472344591274
1616855511.64663;-35.48556045031815
1616855511.7417855;-36.19921683798334
1616855511.836952;-34.75208027410669
1616855511.9321263;-28.760890846793917
1616855512.02724;-22.163974547234446
1616855512.1224597;-23.582476749877618
1616855512.2176743;-32.24987763093488
1616855512.3127787;-37.302741067058236
1616855512.40794;-38.09128732256484
1616855512.5030425;-38.56045031815955
1616855512.5981765;-32.159569260890834
1616855512.6933434;-22.410670582476737
1616855512.7885528;-25.003181595692595
1616855512.8836496;-35.44591287322564
1616855512.9788172;-39.19921683798334
1616855513.0739858;-40.08908467939303
1616855513.1691446;-40.35119921683797
1616855513.2643359;-40.14635340186
1616855513.3594654;-39.882036221243254
1616855513.4546316;-39.85119921683797
1616855513.5498066;-39.80714635340185
1616855513.6449585;-39.77851199216837
1616855513.7401574;-39.56926089084678
1616855513.8352966;-39.21683798335779
1616855513.9304752;-39.203622124326955
1616855514.0256207;-39.12652961331374
1616855514.1208127;-38.32917278511991
1616855514.21598;-30.5053842388644
1616855514.311143;-18.89084679393048
1616855514.406298;-16.71683798335779
1616855514.5014672;-16.782917278511977
1616855514.5966275;-17.10890846793929
1616855514.6917884;-17.31155163974546
1616855514.786962;-17.617719040626515
1616855514.8821266;-18.225648556045016
1616855514.9772718;-20.6837983357807
1616855515.0724378;-30.853401860009775
1616855515.1676157;-38.08908467939303
