1616852158.1276596;-0.2425354870289076
1616852158.2226012;-0.21610376896723357
1616852158.3175163;-0.2821830641214186
1616852158.4124753;-0.23813020068529525
1616852158.5073733;-0.24033284385710144
1616852158.6023173;-0.29760156632406176
1616852158.6972442;-0.31081742535489876
1616852158.792206;-0.3636808614782468
1616852158.887131;-0.3416544297601851
1616852158.9820943;-0.3548702887910221
1616852159.0769975;-0.5707293196280265
1616852159.1719558;-0.6302006852667931
1616852159.2668812;-0.5178658835046785
1616852159.3618147;-0.51125795398926
1616852159.4567385;-0.6676456191874979
1616852159.5517058;-0.760156632403357
1616852159.646622;-0.6500244738130485
1616852159.7415721;-0.6698482623593041
1616852159.836481;-0.6147821830641499
1616852159.9314606;-0.945178658835075
1616852160.026407;-2.235927557513489
1616852160.1213188;-2.9143416544297884
1616852160.216248;-2.8724914341654713
1616852160.3112051;-3.009055310817454
1616852160.406079;-3.2139011257954273
1616852160.501035;-3.498042094958423
1616852160.5959642;-3.520068526676485
1616852160.6908505;-3.5156632403328723
1616852160.7858205;-3.5002447381302293
1616852160.8807597;-3.487028879099392
1616852160.9756944;-3.4429760156632687
1616852161.070609;-3.5465002447381586
1616852161.1657212;-3.5685266764562202
1616852161.2604823;-3.4473813020068813
1616852161.3553963;-3.3350465002447667
1616852161.4503422;-3.233724914341683
1616852161.5452666;-3.564121390112608
1616852161.6401663;-3.9099363680861763
1616852161.7351604;-3.8592755751346344
1616852161.8300495;-3.61478218306415
1616852161.924986;-3.288790993636837
1616852162.0199203;-3.220509055310846
1616852162.1148312;-3.2557513460597445
1616852162.2097907;-3.277777777777806
1616852162.3046386;-3.273372491434194
1616852162.3995676;-3.2513460597161323
1616852162.4945083;-3.207293196280009
1616852162.5894394;-3.2931962799804495
1616852162.684393;-3.2381302006852954
1616852162.7793202;-3.167645619187498
1616852162.8742826;-2.815222711698511
1616852162.969204;-2.7028879099363965
1616852163.0641093;-2.777777777777806
1616852163.159029;-2.90773372491437
1616852163.2539449;-2.98262359275578
1616852163.348879;-2.971610376896749
1616852163.4437957;-2.9033284385707576
1616852163.5387113;-2.868086147821859
1616852163.6336544;-2.9275575134606258
1616852163.7286747;-2.973813020068555
1616852163.82343;-2.960597161037718
1616852163.9183483;-2.8438570729319914
1616852164.0132756;-2.9275575134606258
1616852164.108198;-2.971610376896749
1616852164.2031214;-2.967205090553137
1616852164.2981052;-2.9143416544297884
1616852164.3930516;-2.810817425354899
1616852164.4879568;-2.8042094958394803
1616852164.5829053;-2.8746940773372778
1616852164.6778293;-2.8482623592756036
1616852164.7727408;-2.8901125795399207
1616852164.8676734;-2.87909936368089
1616852164.9626315;-2.9473813020068813
1616852165.0575342;-2.9804209495839737
1616852165.1525903;-2.830641213901154
1616852165.2473931;-2.8592755751346344
1616852165.3423684;-2.9121390112579824
1616852165.437228;-2.8372491434165727
1616852165.5321565;-2.764561918746969
1616852165.6270802;-2.762359275575163
1616852165.7220075;-2.82183064121393
1616852165.8169773;-2.830641213901154
1616852165.9118977;-2.735927557513489
1616852166.0068288;-2.669848262359304
1616852166.101758;-2.680861478218335
1616852166.1966908;-2.7381302006852954
1616852166.2916236;-2.735927557513489
1616852166.3865314;-2.788790993636837
1616852166.481472;-2.7050905531082026
1616852166.5764084;-2.733724914341683
1616852166.6713338;-2.7050905531082026
1616852166.7663157;-2.6103768967205374
1616852166.8612037;-2.5575134605971894
1616852166.9561236;-2.6940773372491718
1616852167.051066;-2.6632403328438854
1616852167.1459868;-2.5531081742535773
1616852167.2409203;-2.5839451786588636
1616852167.336024;-2.590553108174282
1616852167.4307406;-2.5420949583945465
1616852167.5256681;-2.4407733724914626
1616852167.620586;-2.317425354870317
1616852167.7155178;-2.328438570729348
1616852167.8104413;-2.4495839451786874
1616852167.9053822;-2.5575134605971894
1616852168.0003145;-2.632403328438599
1616852168.0952475;-2.522271169848291
1616852168.1901872;-2.4385707293196566
1616852168.2851295;-2.4936368086148106
1616852168.3800514;-2.509055310817454
1616852168.47498;-2.7667645619187753
1616852168.569932;-2.6522271169848546
1616852168.6648695;-2.2579539892315506
1616852168.759795;-2.260156632403357
1616852168.8547812;-2.3064121390112864
1616852168.949709;-2.222711698482652
1616852169.044644;-2.0398923152227404
1616852169.1395626;-2.0002447381302293
1616852169.2345066;-2.0839451786588636
1616852169.329379;-2.2006852667645904
1616852169.4243042;-2.313020068526705
1616852169.5192294;-2.2998042094958677
1616852169.6141655;-2.2050905531082026
1616852169.7091;-2.1500244738130485
1616852169.8040378;-2.2381302006852954
1616852169.8989646;-2.275575134606
1616852169.993903;-2.3042094958394803
1616852170.0888379;-2.32183064121393
1616852170.183775;-2.1984826235927843
1616852170.2787058;-2.1874694077337535
1616852170.3736548;-2.1764561918747227
1616852170.468583;-2.180861478218335
1616852170.5634987;-2.180861478218335
1616852170.6584327;-2.233724914341683
1616852170.7533538;-2.288790993636837
1616852170.848285;-2.169848262359304
1616852170.9432175;-2.0927557513460884
1616852171.0381355;-2.0817425354870576
1616852171.1330667;-1.9804209495839737
1616852171.228014;-2.1103768967205374
1616852171.3229392;-2.1632403328438854
1616852171.4178772;-2.1456191874694364
1616852171.5128055;-2.1412139011258238
1616852171.6077433;-2.1103768967205374
1616852171.7026753;-2.077337249143445
1616852171.7976084;-2.072931962799833
1616852171.8926196;-1.9650024473813306
1616852171.9875484;-1.7887909936368371
1616852172.0825152;-1.7843857072932248
1616852172.1774292;-1.8042094958394803
1616852172.2723768;-1.9099363680861763
1616852172.367276;-1.998042094958423
1616852172.4633348;-1.9936368086148106
1616852172.5580935;-2.0420949583945465
1616852172.6531332;-2.026676456191903
1616852172.7482116;-2.1059716103769253
1616852172.8429985;-2.0597161037689955
1616852172.9381323;-1.9936368086148106
1616852173.0330772;-2.0465002447381586
1616852173.1279213;-2.050905531081771
1616852173.2229292;-2.1015663240333127
1616852173.3177989;-2.103768967205119
1616852173.4128213;-2.0024473813020354
1616852173.5076356;-1.7953989231522556
1616852173.6027076;-1.9099363680861763
1616852173.6976666;-1.9826235927557798
1616852173.792627;-1.945178658835075
1616852173.8875532;-1.87909936368089
1616852173.9825158;-1.828438570729348
1616852174.0774822;-1.8989231522271455
1616852174.1724203;-1.9165442976015947
1616852174.267375;-1.8086147821830927
1616852174.3625436;-1.8064121390112864
1616852174.4571393;-1.799804209495868
1616852174.552239;-1.7799804209496124
1616852174.64716;-1.7028879099363965
1616852174.7421296;-1.7183064121390397
1616852174.8370836;-1.7535487028879384
1616852174.9320662;-1.7689672050905816
1616852175.027;-1.7953989231522556
1616852175.1218684;-1.8108174253548988
1616852175.216904;-1.7359275575134892
1616852175.3119202;-1.6368086147822116
1616852175.4068475;-1.773372491434194
1616852175.5018108;-1.8614782183064407
1616852175.5967886;-1.8857072931963084
1616852175.6906252;-1.87909936368089
1616852175.785585;-1.3879099363681147
1616852175.8805053;0.08125305922659902
1616852175.9754746;1.0922662750856298
1616852176.0703301;1.160548213411621
1616852176.1652777;0.8257464512970836
1616852176.2602022;0.7156142927067752
1616852176.3551402;0.6275085658345285
1616852176.4500837;0.6605482134116211
1616852176.5450203;0.75305922662748
1616852176.639957;0.6120900636318853
1616852176.7349036;0.6275085658345285
1616852176.8298762;0.7750856583455418
1616852176.9248195;0.8103279490944404
1616852177.0197337;0.766275085658317
1616852177.114724;0.8147332354380528
1616852177.209639;0.8345570239843083
1616852177.3046603;0.9138521781693303
1616852177.3995078;1.001957905041577
1616852177.4944313;0.8345570239843083
1616852177.589372;0.6957905041605197
1616852177.684301;0.7376407244248369
1616852177.7792315;0.6825746451296827
1616852177.8741722;0.5592266275085374
1616852177.9691434;0.5460107684777004
1616852178.064082;0.6319138521781409
1616852178.1589422;0.7486539402838678
1616852178.2538066;0.8125305922662466
1616852178.3487263;0.8147332354380528
1616852178.443651;0.8543808125305637
1616852178.5386157;0.8720019579050131
1616852178.633576;0.8257464512970836
1616852178.7284591;0.8081253059226342
1616852178.8233893;0.8874204601076563
1616852178.9183135;1.0878609887420174
1616852179.0133011;1.197993147332326
1616852179.1081676;1.1935878609887136
1616852179.20309;1.1627508565834273
1616852179.2980208;1.0768477728829866
1616852179.3929362;1.1120900636318853
1616852179.4879181;1.2552618697992863
1616852179.5828402;1.3543808125305639
1616852179.6777813;1.279490944689154
1616852179.7727275;1.3367596671561144
1616852179.8677416;1.1583455702398149
1616852179.962567;1.0151737640724139
1616852180.057497;0.8565834557023699
1616852180.1524537;0.7927068037199911
1616852180.247368;0.779490944689154
1616852180.3423076;0.6891825746451012
1616852180.437191;0.6649534997552333
1616852180.5321324;0.7684777288301232
1616852180.6270366;0.8631913852177885
1616852180.721986;0.9689182574644845
1616852180.8169003;0.9645129711208722
1616852180.9118726;1.0151737640724139
1616852181.006804;0.8455702398433391
1616852181.1017637;0.8279490944688898
1616852181.1966567;0.9446891825746166
1616852181.2916028;0.9006363191384933
1616852181.3865016;0.6869799314732951
1616852181.4814258;0.8565834557023699
1616852181.5763803;1.2156142927067752
1616852181.6712365;1.0460107684777002
1616852181.7662168;0.7927068037199911
1616852181.8611858;0.8257464512970836
1616852181.9560375;0.7068037200195506
1616852182.0509646;0.5327949094468634
1616852182.1459515;0.6891825746451012
1616852182.2408392;0.9468918257464228
1616852182.3357508;0.9975526186979646
1616852182.4306853;1.054821341164925
1616852182.5256236;1.1098874204600793
1616852182.6205504;1.2706803720019295
1616852182.715473;1.2596671561428985
1616852182.8103967;1.2816935878609603
1616852182.9053252;1.107684777288273
1616852183.00026;1.0570239843367313
1616852183.095205;1.1583455702398149
1616852183.190135;1.277288301517348
1616852183.285073;1.094468918257436
1616852183.3800232;0.8653940283895946
1616852183.474992;0.9601076847772598
1616852183.569979;1.0988742046010485
1616852183.6649034;1.2398433675966432
1616852183.7597873;1.2971120900636035
1616852183.8547406;1.1561429270680088
1616852183.9496603;1.0151737640724139
1616852184.0445695;1.0856583455702113
1616852184.1394854;1.1010768477728545
1616852184.234584;1.0702398433675682
1616852184.3293412;1.1164953499754977
1616852184.4242086;1.3345570239843083
1616852184.5191314;1.0768477728829866
1616852184.6140466;1.0658345570239558
1616852184.7089875;1.12090063631911
1616852184.8039112;1.0504160548213126
1616852184.8988495;1.068037200195762
1616852184.993781;1.0460107684777002
1616852185.088709;1.0702398433675682
1616852185.1836536;1.0482134116495065
1616852185.278573;1.3257464512970836
1616852185.3734984;1.724424865394
1616852185.4684422;1.7090063631913568
1616852185.5634162;1.4292706803719735
1616852185.6583698;1.2596671561428985
1616852185.7532766;1.026186979931445
1616852185.8482134;1.0966715614292422
1616852185.9431589;0.9468918257464228
1616852186.038072;0.7927068037199911
1616852186.1329875;0.9975526186979646
1616852186.2279272;1.2993147332354096
1616852186.3228498;1.4468918257464227
1616852186.4178114;1.9645129711208722
1616852186.5127256;2.4579050416054535
1616852186.6076357;2.7838962310327666
1616852186.7026181;3.325746451297084
1616852186.7976124;3.6561429270680086
1616852186.8924692;4.0460107684777
1616852186.9873812;4.53499755261867
1616852187.0823367;4.658345570239815
1616852187.1772485;5.021781693587832
1616852187.2722132;5.543808125305894
1616852187.3670623;5.722222222222194
1616852187.462013;6.519579050416026
1616852187.5569446;6.938081253059198
1616852187.6519098;7.565834557023956
1616852187.7467647;8.832354380812502
1616852187.8416944;8.493147332354352
1616852187.9367068;4.446891825746423
1616852188.031596;2.5878609887420176
1616852188.1264656;4.173764072442458
1616852188.2213867;9.02398433675964
1616852188.316313;9.984336759667128
1616852188.4112568;11.31693587860986
1616852188.506189;12.594468918257435
1616852188.601114;20.444689182574617
1616852188.6960485;37.49975526186977
1616852188.7909865;46.8301517376407
1616852188.8859308;50.766275085658314
1616852188.9808547;53.61429270680369
1616852189.0757706;53.10768477728827
1616852189.1707432;52.854380812530565
1616852189.266717;57.515173764072415
1616852189.361639;62.44248653940281
1616852189.4566474;65.656142927068
1616852189.5515149;68.89402838962307
1616852189.6464274;68.41605482134113
1616852189.7413976;70.4380812530592
1616852189.8364303;73.67376407244245
1616852189.931294;75.00636319138519
1616852190.026238;77.70460107684774
1616852190.121207;82.74645129711206
1616852190.2161365;81.0460107684777
1616852190.3111012;70.92266275085656
1616852190.406064;61.41164953499752
1616852190.5010412;53.70900636319136
1616852190.5959985;52.06803720019576
1616852190.690951;53.94248653940281
1616852190.7859004;49.40063631913849
1616852190.88085;45.31693587860986
1616852190.9758036;44.25746451297109
1616852191.0707517;41.88301517376404
1616852191.1657221;39.70680372001955
1616852191.2606432;36.11429270680369
1616852191.355595;33.54160548213409
1616852191.4505434;32.17816935878607
1616852191.5454905;29.772883015173736
1616852191.6404176;29.81473323543805
1616852191.7353652;28.77728830151735
1616852191.830323;24.222222222222193
1616852191.92527;21.457905041605454
1616852192.0202117;21.45349975526184
1616852192.1151586;21.085658345570213
1616852192.2101529;18.09226627508563
1616852192.3050718;15.515173764072413
1616852192.4000323;12.88521781693585
1616852192.494993;10.794909446891797
1616852192.5888715;6.6319138521781404
1616852192.683808;1.8389623103279207
1616852192.7787292;-1.5971610376897005
1616852192.8736727;-5.7183064121390395
1616852192.9685898;-8.16103768967208
1616852193.0635152;-10.341654429760185
1616852193.1584466;-12.592755751346088
1616852193.2533822;-14.568526676456221
1616852193.3483188;-15.777777777777807
1616852193.443247;-16.70729319628001
1616852193.5381825;-17.363680861478247
1616852193.6331115;-17.819627998042122
1616852193.7280414;-18.266764561918777
1616852193.8229682;-18.383504650024502
1616852193.9179192;-18.29319627998045
1616852194.0128427;-18.319627998042122
1616852194.107763;-18.720509055310846
1616852194.2026994;-18.824033284385735
1616852194.297619;-18.86147821830644
1616852194.3926213;-18.923152227117015
1616852194.4875264;-18.478218306412167
1616852194.5824633;-18.522271169848292
1616852194.677363;-18.79760156632406
1616852194.7723773;-18.90112579539895
1616852194.8672729;-19.156632403328466
1616852194.9621375;-19.467205090553136
1616852195.0570514;-19.36808614782186
1616852195.1519818;-19.32623592755754
1616852195.2468839;-19.70068526676459
1616852195.341845;-19.870288790993666
1616852195.4368224;-19.641213901125823
1616852195.5316918;-19.762359275575164
1616852195.6266801;-20.169848262359306
1616852195.7215729;-20.68967205090556
1616852195.8164692;-21.127998042094987
1616852195.9114096;-21.489231522271197
1616852196.0063367;-21.819627998042122
1616852196.101259;-22.00685266764565
1616852196.1961684;-22.39011257953992
1616852196.29111;-22.288790993636837
1616852196.3861332;-22.220509055310846
1616852196.4809918;-22.661037689672078
1616852196.5758786;-22.89011257953992
1616852196.6708133;-22.709495839451815
1616852196.7657259;-22.62139011257957
1616852196.8606253;-22.672050905531112
1616852196.955556;-22.863680861478247
1616852197.0504856;-23.176456191874724
1616852197.1454253;-23.319627998042122
1616852197.2403674;-23.227116984826264
1616852197.33529;-23.105971610376926
1616852197.4302227;-22.6324033284386
1616852197.525137;-22.35046500244741
1616852197.6200817;-22.460597161037718
1616852197.7150147;-22.343857072931993
1616852197.8099303;-22.330641213901153
1616852197.9048479;-22.37909936368089
1616852197.9997737;-22.405531081742563
1616852198.094697;-22.77116984826239
1616852198.1896322;-22.989231522271197
1616852198.2845533;-23.24694077337252
1616852198.3794765;-23.44297601566327
1616852198.4744184;-23.542094958394546
1616852198.5693417;-23.445178658835076
1616852198.6642637;-23.43196279980424
1616852198.7591867;-23.575134605971638
1616852198.854124;-23.777777777777807
1616852198.9490664;-23.9539892315223
1616852199.043986;-24.03989231522274
1616852199.1389248;-23.852667645619217
1616852199.2338614;-23.55751346059719
1616852199.3287637;-23.852667645619217
1616852199.4236832;-24.30420949583948
1616852199.5186229;-24.43196279980424
1616852199.613542;-24.220509055310846
1616852199.7084703;-24.141213901125823
1616852199.803394;-24.070729319628025
1616852199.8983245;-24.32623592755754
1616852199.993256;-24.348262359275605
1616852200.0881777;-24.414341654429787
1616852200.1831143;-24.4539892315223
1616852200.2780828;-24.145619187469435
1616852200.3730252;-24.4539892315223
1616852200.4680014;-24.79319627998045
1616852200.5628667;-24.865883504650053
1616852200.6578093;-24.837249143416575
1616852200.7527163;-24.90112579539895
1616852200.8476293;-24.70729319628001
1616852200.9425738;-24.26456191874697
1616852201.037554;-24.308614782183092
1616852201.13252;-24.515663240332874
1616852201.227288;-24.542094958394546
1616852201.3222177;-24.790993636808643
1616852201.417127;-24.735927557513488
1616852201.5121255;-25.392315222711726
1616852201.606994;-25.87249143416547
1616852201.701927;-26.469407733724942
1616852201.7968998;-26.909936368086175
1616852201.891813;-27.108174253548732
1616852201.986696;-26.92094958394521
1616852202.0816479;-26.733724914341682
1616852202.1765513;-26.828438570729347
1616852202.2714992;-27.306412139011286
1616852202.366415;-27.295398923152256
1616852202.4613414;-27.024473813020098
1616852202.556264;-27.150024473813048
1616852202.651197;-27.623592755751375
1616852202.746112;-27.929760156632433
1616852202.841034;-27.949583945178688
1616852202.935946;-27.949583945178688
1616852203.0308583;-28.145619187469435
1616852203.1257987;-27.694077337249173
1616852203.2207234;-27.57293196279983
1616852203.3156366;-27.22271169848265
1616852203.4105685;-27.04650024473816
1616852203.505508;-27.429760156632433
1616852203.6004298;-27.255751346059746
1616852203.6953785;-27.742535487028906
1616852203.7903035;-27.577337249143444
1616852203.8852293;-27.31522271169851
1616852203.9801836;-27.71169848262362
1616852204.0751073;-27.819627998042122
1616852204.1700327;-27.522271169848292
1616852204.2649474;-27.473813020068555
1616852204.3598716;-27.31522271169851
1616852204.4547935;-27.238130200685294
1616852204.5497165;-27.806412139011286
1616852204.644642;-27.82623592755754
1616852204.7395885;-27.542094958394546
1616852204.8344784;-27.674253548702918
1616852204.9294114;-28.013460597161068
1616852205.024339;-28.36808614782186
1616852205.1192636;-28.929760156632433
1616852205.2142136;-28.852667645619217
1616852205.3091164;-28.469407733724942
1616852205.4040377;-28.288790993636837
1616852205.4989593;-28.48702887909939
1616852205.593901;-28.365883504650053
1616852205.6888273;-28.667645619187496
1616852205.783758;-29.163240332843884
1616852205.878676;-29.105971610376926
1616852205.9735928;-28.945178658835076
1616852206.0685627;-29.127998042094987
1616852206.1634219;-28.65442976015666
1616852206.258348;-28.634605971610405
1616852206.353247;-28.526676456191904
1616852206.448161;-28.75354870288794
1616852206.5431268;-28.639011257954017
1616852206.638082;-28.77116984826239
1616852206.732952;-29.427557513460627
1616852206.8279274;-29.04650024473816
1616852206.9228497;-28.099363680861508
1616852207.0177674;-28.363680861478247
1616852207.1127095;-29.07293196279983
1616852207.2076192;-29.72931962799807
1616852207.302569;-30.27116984826239
1616852207.39749;-30.533284385707322
1616852207.492429;-30.405531081742563
1616852207.5873322;-30.205090553108203
1616852207.6823664;-30.513460597161068
1616852207.7771862;-30.802006852667674
1616852207.872045;-30.87249143416547
1616852207.966929;-31.6324033284386
1616852208.061859;-32.27998042094961
1616852208.156768;-32.82183064121393
1616852208.2517354;-32.652227116984854
1616852208.3466494;-32.47161037689675
1616852208.4415824;-32.744738130200716
1616852208.53649;-32.87909936368089
1616852208.6314225;-32.52887909936371
1616852208.7263455;-32.890112579539924
1616852208.8212795;-33.262359275575164
1616852208.916201;-32.368086147821856
1616852209.0111485;-32.01566324033287
1616852209.1060672;-32.207293196280006
1616852209.20097;-32.39231522271173
1616852209.2958922;-32.0971610376897
1616852209.3908179;-32.462799804209524
1616852209.485731;-33.18967205090556
1616852209.5806596;-32.984826235927585
1616852209.6755846;-32.80420949583948
1616852209.7705;-32.47821830641217
1616852209.8654344;-32.152227116984854
1616852209.9603434;-31.97601566324036
1616852210.0552723;-31.909936368086175
1616852210.150198;-32.806412139011286
1616852210.2452881;-33.66103768967208
1616852210.3400972;-33.762359275575164
1616852210.435028;-33.61037689672054
1616852210.529961;-33.76015663240336
1616852210.6248782;-34.14341654429763
1616852210.7198179;-34.57953989231525
1616852210.8147292;-34.306412139011286
1616852210.9096727;-33.967205090553136
1616852211.0045798;-34.08174253548706
1616852211.0995007;-34.802006852667674
1616852211.1944318;-35.09275575134609
1616852211.2893453;-34.685266764561945
1616852211.3842578;-34.68306412139014
1616852211.4791853;-35.18086147821833
1616852211.5741587;-35.652227116984854
1616852211.6690774;-35.84165442976018
1616852211.7639341;-35.54650024473816
1616852211.8588548;-35.47821830641217
1616852211.9537756;-35.53768967205093
1616852212.0486665;-35.775575134606
1616852212.1435816;-36.43857072931966
1616852212.2385807;-36.5266764561919
1616852212.3334851;-35.583945178658865
1616852212.4283922;-35.79099363680864
1616852212.5232463;-36.72050905531085
1616852212.6181753;-37.083945178658865
1616852212.713106;-36.38790993636812
1616852212.8080153;-36.44077337249146
1616852212.9029365;-36.11918746940776
1616852212.997855;-36.21390112579543
1616852213.0927637;-36.40773372491437
1616852213.1876764;-36.33724914341657
1616852213.2826095;-36.37909936368089
1616852213.3775294;-36.29099363680864
1616852213.4724452;-35.53108174253551
1616852213.567359;-35.29760156632406
1616852213.6622963;-35.835046500244765
1616852213.7572007;-34.89892315222715
1616852213.8521554;-33.33064121390115
1616852213.947055;-36.502447381302034
1616852214.0420177;-39.62139011257957
1616852214.1369128;-39.262359275575164
1616852214.2318504;-38.346059716103795
1616852214.3267367;-38.02887909936371
1616852214.4217536;-38.28879099363684
1616852214.5165772;-38.82843857072935
1616852214.6114986;-39.207293196280006
1616852214.7064605;-39.467205090553136
1616852214.8013208;-39.46940773372494
1616852214.896244;-39.46500244738133
1616852214.991161;-39.37249143416547
1616852215.0861275;-39.41434165442979
1616852215.181041;-39.5266764561919
1616852215.2759593;-39.67645619187472
1616852215.3708856;-39.324033284385735
1616852215.4657924;-39.4187469407734
1616852215.5607328;-39.4187469407734
1616852215.6556468;-39.50465002447384
1616852215.7505722;-39.92755751346063
1616852215.84549;-39.894517865883536
1616852215.9403992;-39.42094958394521
1616852216.035316;-39.612579539892344
1616852216.1302383;-40.04870288790997
1616852216.2251694;-40.324033284385735
1616852216.3200672;-39.991434165443
1616852216.4150007;-39.967205090553136
1616852216.5099018;-40.07513460597164
1616852216.6048486;-40.374694077337274
1616852216.699761;-40.47821830641217
1616852216.7946808;-40.67865883504653
1616852216.8897026;-41.167645619187496
1616852216.9845314;-41.87909936368089
1616852217.079446;-42.96500244738133
1616852217.1744244;-43.64782183064124
1616852217.2693498;-44.152227116984854
1616852217.364213;-44.59936368086151
1616852217.4591265;-44.894517865883536
1616852217.5540407;-45.013460597161064
1616852217.6489537;-45.37689672050908
1616852217.7438624;-45.76676456191878
1616852217.838853;-45.75354870288794
1616852217.9337025;-45.57953989231525
1616852218.028612;-45.42976015663243
1616852218.1235104;-45.53108174253551
1616852218.2185173;-45.60376896720512
1616852218.3133485;-45.55531081742539
1616852218.4082775;-45.674253548702914
1616852218.5031967;-45.561918746940805
1616852218.5981312;-45.524473813020094
1616852218.693152;-45.71830641213904
1616852218.7879598;-45.773372491434195
1616852218.8828995;-45.6324033284386
1616852218.9778082;-45.72491434165446
1616852219.0727494;-45.87028879099366
1616852219.1676662;-46.00024473813023
1616852219.2625973;-45.962799804209524
1616852219.3575053;-45.945178658835076
1616852219.4524322;-45.817425354870316
1616852219.5473177;-45.63020068526679
1616852219.6422195;-45.61698482623596
1616852219.737114;-45.63020068526679
1616852219.8320248;-45.63680861478221
1616852219.9269352;-45.751346059716134
1616852220.0219417;-45.94958394517869
1616852220.1168373;-45.92755751346063
1616852220.2117736;-45.846059716103795
1616852220.3066967;-45.517865883504676
1616852220.4016213;-45.58835046500248
1616852220.496538;-45.85046500244741
1616852220.5914536;-45.76896720509058
1616852220.686383;-45.61478218306415
1616852220.7813208;-45.47601566324036
1616852220.876222;-45.49804209495842
1616852220.971143;-45.645619187469435
1616852221.0660577;-45.80420949583948
1616852221.1609957;-45.82183064121393
1616852221.255916;-45.744738130200716
1616852221.3508208;-45.81962799804212
1616852221.4457252;-45.85266764561921
1616852221.5406687;-45.71390112579543
1616852221.635589;-45.559716103769
1616852221.7304509;-45.58174253548706
1616852221.825349;-45.61478218306415
1616852221.9202614;-45.63901125795402
1616852222.0151846;-45.71610376896724
1616852222.110103;-45.75795398923155
1616852222.2050242;-45.53768967205093
1616852222.2999396;-45.5266764561919
1616852222.394877;-45.69407733724917
1616852222.4898026;-45.71830641213904
1616852222.584776;-45.685266764561945
1616852222.679698;-45.495839451786615
1616852222.7745986;-45.751346059716134
1616852222.869585;-46.017865883504676
1616852222.9644442;-46.013460597161064
1616852223.0593486;-45.63901125795402
1616852223.1542556;-45.38570729319631
1616852223.2491531;-45.05531081742539
1616852223.3440564;-45.233724914341686
1616852223.439061;-45.36588350465005
1616852223.5339215;-45.401125795398954
1616852223.6288228;-45.707293196280006
1616852223.723711;-46.06632403328442
1616852223.8186123;-46.01566324033287
1616852223.913535;-45.8482623592756
1616852224.008459;-45.77777777777781
1616852224.1033983;-45.64341654429763
1616852224.1983154;-45.4892315222712
1616852224.293223;-45.53108174253551
1616852224.388134;-45.58174253548706
1616852224.483065;-45.42976015663243
1616852224.5780206;-45.456191874694106
1616852224.672899;-45.473813020068555
1616852224.7678046;-45.51566324033287
1616852224.8627145;-45.583945178658865
1616852224.957633;-45.711698482623625
1616852225.0525923;-45.696279980420975
1616852225.147484;-45.61698482623596
1616852225.2424204;-45.59275575134609
1616852225.337333;-45.87028879099366
1616852225.4322557;-45.93196279980424
1616852225.5271857;-45.67865883504653
1616852225.6221297;-45.39231522271173
1616852225.7170208;-45.27777777777781
1616852225.8122942;-45.21390112579543
1616852225.9068832;-45.30861478218309
1616852226.0020316;-45.44958394517869
1616852226.0966876;-45.48042094958397
1616852226.1916153;-45.53989231522274
1616852226.2864819;-45.58614782183067
1616852226.381395;-45.57733724914345
1616852226.4763026;-45.61698482623596
1616852226.5712237;-45.5971610376897
1616852226.6661358;-45.46940773372494
1616852226.761063;-45.4539892315223
1616852226.855966;-45.43196279980424
1616852226.9508765;-45.58174253548706
1616852227.045798;-45.62139011257957
1616852227.14071;-45.656632403328466
1616852227.2356293;-45.55310817425358
1616852227.3305306;-45.55310817425358
1616852227.4254518;-45.456191874694106
1616852227.520381;-45.4892315222712
1616852227.6153002;-45.48262359275578
1616852227.7102027;-45.59275575134609
1616852227.8051205;-45.863680861478244
1616852227.9000328;-46.03989231522274
1616852227.9949408;-45.74914341654433
1616852228.08985;-45.65442976015666
1616852228.184762;-45.76676456191878
1616852228.27968;-45.751346059716134
1616852228.3745744;-45.79099363680864
1616852228.4695585;-45.835046500244765
1616852228.5644095;-45.84385707293199
1616852228.6593137;-45.79319627998045
1616852228.7542195;-45.824033284385735
1616852228.8491263;-45.912139011257985
1616852228.944044;-45.90332843857076
1616852229.0390217;-45.733724914341686
1616852229.1338928;-45.44077337249146
1616852229.2287989;-45.590553108174284
1616852229.3237135;-45.89231522271173
1616852229.418616;-45.67205090553111
1616852229.513529;-45.57072931962803
1616852229.6084516;-45.33064121390115
1616852229.7033708;-45.167645619187496
1616852229.7982798;-45.14341654429763
1616852229.8931828;-45.12579539892318
1616852229.9880986;-45.156632403328466
1616852230.0830097;-45.28658835046503
1616852230.1779218;-45.46500244738133
1616852230.2729104;-45.42976015663243
1616852230.3678353;-45.36147821830644
1616852230.4627285;-45.3813020068527
1616852230.557653;-45.53328438570732
1616852230.6526835;-45.74253548702891
1616852230.747488;-45.63901125795402
1616852230.842437;-45.368086147821856
1616852230.9373257;-45.35487028879102
1616852231.032269;-45.73152227116988
1616852231.1271744;-45.973813020068555
1616852231.2221131;-45.97601566324036
1616852231.316993;-45.94738130200688
1616852231.4119184;-45.94077337249146
1616852231.5068114;-46.059716103769
1616852231.601725;-45.86147821830644
1616852231.6966417;-45.70068526676459
1616852231.7915916;-45.857072931962826
1616852231.8864539;-45.87909936368089
1616852231.9813676;-45.72931962799807
1616852232.0762932;-45.82843857072935
1616852232.1712244;-45.423152227117015
1616852232.2662423;-45.23152227116988
1616852232.361041;-45.40993636808618
1616852232.455972;-45.495839451786615
1616852232.5508983;-45.605971610376926
1616852232.6458018;-45.64782183064124
1616852232.7407165;-45.451786588350494
1616852232.8355732;-45.53328438570732
1616852232.9304965;-45.57072931962803
1616852233.025402;-45.41434165442979
1616852233.12037;-45.66544297601569
1616852233.2152233;-46.03768967205093
1616852233.3101294;-46.17205090553111
1616852233.40504;-46.08174253548706
1616852233.4999568;-45.70949583945181
1616852233.594871;-45.42094958394521
1616852233.689785;-45.7050905531082
1616852233.7847369;-46.01566324033287
1616852233.8796399;-45.74694077337252
1616852233.9745474;-45.484826235927585
1616852234.0695162;-45.66103768967208
1616852234.1643755;-45.733724914341686
1616852234.2592793;-45.66103768967208
1616852234.3541932;-45.75354870288794
1616852234.44909;-45.817425354870316
1616852234.5439804;-45.8108174253549
1616852234.6389494;-45.64782183064124
1616852234.73381;-45.43196279980424
1616852234.8287094;-45.37909936368089
1616852234.9236128;-45.550905531081774
1616852235.0185204;-45.56412139011261
1616852235.1134326;-45.35927557513463
1616852235.2083564;-45.54870288790997
1616852235.303258;-45.52887909936371
1616852235.3981857;-45.685266764561945
1616852235.4931004;-45.90332843857076
1616852235.5880253;-45.87028879099366
1616852235.6829238;-45.87028879099366
1616852235.7778313;-45.89892315222715
1616852235.872781;-46.05751346059719
1616852235.967674;-46.44958394517869
1616852236.0625854;-46.5971610376897
1616852236.157539;-46.44077337249146
1616852236.2524824;-45.81962799804212
1616852236.3473566;-45.64121390112582
1616852236.44229;-45.81962799804212
1616852236.5371811;-46.02887909936371
1616852236.632099;-45.82623592755754
1616852236.7270021;-45.775575134606
1616852236.8219535;-45.4539892315223
1616852236.9168289;-44.51125795398926
1616852237.0118604;-44.16103768967208
1616852237.1066477;-43.92755751346063
1616852237.201593;-44.368086147821856
1616852237.2964854;-44.61918746940776
1616852237.3913865;-44.696279980420975
1616852237.4863129;-44.82843857072935
1616852237.5812347;-45.11037689672054
1616852237.6761577;-45.346059716103795
1616852237.7710428;-45.00905531081745
1616852237.8659394;-45.33064121390115
1616852237.9608693;-45.77777777777781
1616852238.055784;-46.07072931962803
1616852238.150681;-46.12139011257957
1616852238.245593;-45.96940773372494
1616852238.3404305;-45.76456191874697
1616852238.435377;-45.78658835046503
1616852238.5302522;-45.64782183064124
1616852238.6251664;-45.69187469407736
1616852238.7200692;-45.81522271169851
1616852238.814973;-46.002447381302034
1616852238.909874;-45.751346059716134
1616852239.0047946;-45.92976015663243
1616852239.099673;-46.11478218306415
1616852239.1945791;-45.874694077337274
1616852239.2894948;-45.773372491434195
1616852239.3843927;-45.806412139011286
1616852239.479294;-45.82183064121393
1616852239.5741758;-45.58174253548706
1616852239.6691175;-45.46500244738133
1616852239.7639647;-45.262359275575164
1616852239.858843;-45.08174253548706
1616852239.9537365;-45.4539892315223
1616852240.0486503;-45.70949583945181
1616852240.1435592;-45.93636808614785
1616852240.2385488;-45.663240332843884
1616852240.3334007;-45.79099363680864
1616852240.4283097;-45.722711698482655
1616852240.5232165;-45.59936368086151
1616852240.6181273;-45.76676456191878
1616852240.713048;-45.96500244738133
1616852240.8079612;-46.240332843857104
1616852240.9029052;-45.94077337249146
1616852240.9978013;-45.13020068526679
1616852241.092709;-45.48262359275578
1616852241.1876225;-46.03108174253551
1616852241.2825613;-46.14341654429763
1616852241.377501;-46.07072931962803
1616852241.4724076;-46.00024473813023
1616852241.567315;-45.90773372491437
1616852241.6622458;-45.868086147821856
1616852241.7571251;-46.28218306412142
1616852241.852068;-46.51125795398926
1616852241.9469452;-45.84385707293199
1616852242.0418913;-45.17645619187472
1616852242.1367805;-45.68746940773375
1616852242.231695;-45.77998042094961
1616852242.3266103;-45.31962799804212
1616852242.4215147;-43.550905531081774
1616852242.516428;-30.491434165443003
1616852242.611349;-31.616984826235957
1616852242.7062736;-44.68967205090556
1616852242.8011684;-45.61918746940776
1616852242.89619;-45.733724914341686
1616852242.990975;-45.77116984826239
1616852243.0858824;-45.667645619187496
1616852243.180811;-45.368086147821856
1616852243.2757185;-45.006852667645646
1616852243.3706064;-45.163240332843884
1616852243.4655294;-45.39892315222715
1616852243.5604491;-45.22050905531085
1616852243.655352;-44.883504650024506
1616852243.7502615;-44.8482623592756
1616852243.8451698;-45.38570729319631
1616852243.9400887;-45.53328438570732
1616852244.035;-45.744738130200716
1616852244.1299038;-45.71390112579543
1616852244.224821;-45.65883504650027
1616852244.319739;-45.72491434165446
1616852244.4146507;-45.79980420949587
1616852244.5095544;-45.59936368086151
1616852244.604467;-45.30420949583948
1616852244.6993673;-45.335046500244765
1616852244.7942703;-45.44958394517869
1616852244.8891807;-45.722711698482655
1616852244.9840832;-45.751346059716134
1616852245.079002;-45.61478218306415
1616852245.1739109;-45.506852667645646
1616852245.268895;-45.39672050905534
1616852245.3637586;-45.47821830641217
1616852245.4586477;-45.813020068526704
1616852245.5535643;-45.68746940773375
1616852245.6484628;-45.572931962799835
1616852245.7433617;-45.37909936368089
1616852245.8383558;-45.00905531081745
1616852245.9332774;-45.67645619187472
1616852246.0281558;-46.26456191874697
1616852246.123039;-46.07072931962803
1616852246.2179766;-45.85046500244741
1616852246.3128045;-45.77998042094961
1616852246.407704;-45.62139011257957
1616852246.5026312;-45.32843857072935
1616852246.5975292;-45.24914341654433
1616852246.6924431;-45.31522271169851
1616852246.7873545;-45.174253548702914
1616852246.882288;-45.284385707293225
1616852246.9771783;-45.863680861478244
1616852247.0721354;-46.11478218306415
1616852247.1670187;-45.4892315222712
1616852247.261962;-45.134605971610405
1616852247.3568442;-45.28658835046503
1616852247.4517777;-45.33064121390115
1616852247.5466783;-45.445178658835076
1616852247.6416261;-45.55531081742539
1616852247.7365093;-45.85266764561921
1616852247.8314285;-45.79099363680864
1616852247.9263299;-45.33064121390115
1616852248.0212402;-45.10376896720512
1616852248.116159;-45.26896720509058
1616852248.2110674;-45.33945178658838
